5 4
5 1
5 0
5 0
5 0
5 0
5 0
5 0
5 0
5 0
5.002 3.99807
5.002 1.05507
5.002 5.86713e-06
5.002 0
5.002 0
5.002 0
5.002 0
5.002 0
5.002 0
5.002 0
5.00401 3.99233
5.00401 1.11198
5.00401 4.69371e-05
5.00401 0
5.00401 0
5.00401 0
5.00401 0
5.00401 0
5.00401 0
5.00401 0
5.00601 3.98291
5.00601 1.17063
5.00601 0.000158413
5.00601 0
5.00601 0
5.00601 0
5.00601 0
5.00601 0
5.00601 0
5.00601 0
5.00802 3.9699
5.00802 1.23092
5.00802 0.000375496
5.00802 0
5.00802 0
5.00802 0
5.00802 0
5.00802 0
5.00802 0
5.00802 0
5.01002 3.95341
5.01002 1.29274
5.01002 0.000733392
5.01002 0
5.01002 0
5.01002 0
5.01002 0
5.01002 0
5.01002 0
5.01002 0
5.01202 3.93354
5.01202 1.35598
5.01202 0.0012673
5.01202 0
5.01202 0
5.01202 0
5.01202 0
5.01202 0
5.01202 0
5.01202 0
5.01403 3.9104
5.01403 1.42054
5.01403 0.00201243
5.01403 0
5.01403 0
5.01403 0
5.01403 0
5.01403 0
5.01403 0
5.01403 0
5.01603 3.8841
5.01603 1.48631
5.01603 0.00300397
5.01603 0
5.01603 0
5.01603 0
5.01603 0
5.01603 0
5.01603 0
5.01603 0
5.01804 3.85474
5.01804 1.55319
5.01804 0.00427714
5.01804 0
5.01804 0
5.01804 0
5.01804 0
5.01804 0
5.01804 0
5.01804 0
5.02004 3.82242
5.02004 1.62107
5.02004 0.00586713
5.02004 0
5.02004 0
5.02004 0
5.02004 0
5.02004 0
5.02004 0
5.02004 0
5.02204 3.78726
5.02204 1.68985
5.02204 0.00780915
5.02204 0
5.02204 0
5.02204 0
5.02204 0
5.02204 0
5.02204 0
5.02204 0
5.02405 3.74936
5.02405 1.75941
5.02405 0.0101384
5.02405 0
5.02405 0
5.02405 0
5.02405 0
5.02405 0
5.02405 0
5.02405 0
5.02605 3.70882
5.02605 1.82966
5.02605 0.0128901
5.02605 0
5.02605 0
5.02605 0
5.02605 0
5.02605 0
5.02605 0
5.02605 0
5.02806 3.66575
5.02806 1.90049
5.02806 0.0160994
5.02806 0
5.02806 0
5.02806 0
5.02806 0
5.02806 0
5.02806 0
5.02806 0
5.03006 3.62025
5.03006 1.9718
5.03006 0.0198016
5.03006 0
5.03006 0
5.03006 0
5.03006 0
5.03006 0
5.03006 0
5.03006 0
5.03206 3.57243
5.03206 2.04347
5.03206 0.0240318
5.03206 0
5.03206 0
5.03206 0
5.03206 0
5.03206 0
5.03206 0
5.03206 0
5.03407 3.52241
5.03407 2.1154
5.03407 0.0288252
5.03407 0
5.03407 0
5.03407 0
5.03407 0
5.03407 0
5.03407 0
5.03407 0
5.03607 3.47027
5.03607 2.18749
5.03607 0.0342171
5.03607 0
5.03607 0
5.03607 0
5.03607 0
5.03607 0
5.03607 0
5.03607 0
5.03808 3.41613
5.03808 2.25963
5.03808 0.0402427
5.03808 0
5.03808 0
5.03808 0
5.03808 0
5.03808 0
5.03808 0
5.03808 0
5.04008 3.36009
5.04008 2.33171
5.04008 0.0469371
5.04008 0
5.04008 0
5.04008 0
5.04008 0
5.04008 0
5.04008 0
5.04008 0
5.04208 3.30226
5.04208 2.40364
5.04208 0.0543355
5.04208 0
5.04208 0
5.04208 0
5.04208 0
5.04208 0
5.04208 0
5.04208 0
5.04409 3.24275
5.04409 2.4753
5.04409 0.0624732
5.04409 0
5.04409 0
5.04409 0
5.04409 0
5.04409 0
5.04409 0
5.04409 0
5.04609 3.18165
5.04609 2.54658
5.04609 0.0713854
5.04609 0
5.04609 0
5.04609 0
5.04609 0
5.04609 0
5.04609 0
5.04609 0
5.0481 3.11909
5.0481 2.61739
5.0481 0.0811072
5.0481 0
5.0481 0
5.0481 0
5.0481 0
5.0481 0
5.0481 0
5.0481 0
5.0501 3.05515
5.0501 2.68762
5.0501 0.0916739
5.0501 0
5.0501 0
5.0501 0
5.0501 0
5.0501 0
5.0501 0
5.0501 0
5.0521 2.98995
5.0521 2.75716
5.0521 0.103121
5.0521 0
5.0521 0
5.0521 0
5.0521 0
5.0521 0
5.0521 0
5.0521 0
5.05411 2.92359
5.05411 2.8259
5.05411 0.115483
5.05411 0
5.05411 0
5.05411 0
5.05411 0
5.05411 0
5.05411 0
5.05411 0
5.05611 2.85618
5.05611 2.89375
5.05611 0.128795
5.05611 0
5.05611 0
5.05611 0
5.05611 0
5.05611 0
5.05611 0
5.05611 0
5.05812 2.78782
5.05812 2.96059
5.05812 0.143093
5.05812 0
5.05812 0
5.05812 0
5.05812 0
5.05812 0
5.05812 0
5.05812 0
5.06012 2.71862
5.06012 3.02632
5.06012 0.158413
5.06012 0
5.06012 0
5.06012 0
5.06012 0
5.06012 0
5.06012 0
5.06012 0
5.06212 2.64868
5.06212 3.09083
5.06212 0.174788
5.06212 0
5.06212 0
5.06212 0
5.06212 0
5.06212 0
5.06212 0
5.06212 0
5.06413 2.57812
5.06413 3.15402
5.06413 0.192254
5.06413 0
5.06413 0
5.06413 0
5.06413 0
5.06413 0
5.06413 0
5.06413 0
5.06613 2.50703
5.06613 3.21578
5.06613 0.210847
5.06613 0
5.06613 0
5.06613 0
5.06613 0
5.06613 0
5.06613 0
5.06613 0
5.06814 2.43553
5.06814 3.27601
5.06814 0.230602
5.06814 0
5.06814 0
5.06814 0
5.06814 0
5.06814 0
5.06814 0
5.06814 0
5.07014 2.36371
5.07014 3.3346
5.07014 0.251553
5.07014 0
5.07014 0
5.07014 0
5.07014 0
5.07014 0
5.07014 0
5.07014 0
5.07214 2.29168
5.07214 3.39145
5.07214 0.273737
5.07214 0
5.07214 0
5.07214 0
5.07214 0
5.07214 0
5.07214 0
5.07214 0
5.07415 2.21955
5.07415 3.44645
5.07415 0.297188
5.07415 0
5.07415 0
5.07415 0
5.07415 0
5.07415 0
5.07415 0
5.07415 0
5.07615 2.14743
5.07615 3.49949
5.07615 0.321941
5.07615 0
5.07615 0
5.07615 0
5.07615 0
5.07615 0
5.07615 0
5.07615 0
5.07816 2.07541
5.07816 3.55047
5.07816 0.348032
5.07816 0
5.07816 0
5.07816 0
5.07816 0
5.07816 0
5.07816 0
5.07816 0
5.08016 2.00361
5.08016 3.59928
5.08016 0.375496
5.08016 0
5.08016 0
5.08016 0
5.08016 0
5.08016 0
5.08016 0
5.08016 0
5.08216 1.93213
5.08216 3.64582
5.08216 0.404369
5.08216 0
5.08216 0
5.08216 0
5.08216 0
5.08216 0
5.08216 0
5.08216 0
5.08417 1.86108
5.08417 3.68998
5.08417 0.434684
5.08417 0
5.08417 0
5.08417 0
5.08417 0
5.08417 0
5.08417 0
5.08417 0
5.08617 1.79056
5.08617 3.73166
5.08617 0.466478
5.08617 0
5.08617 0
5.08617 0
5.08617 0
5.08617 0
5.08617 0
5.08617 0
5.08818 1.72067
5.08818 3.77075
5.08818 0.499786
5.08818 0
5.08818 0
5.08818 0
5.08818 0
5.08818 0
5.08818 0
5.08818 0
5.09018 1.65153
5.09018 3.80714
5.09018 0.534642
5.09018 0
5.09018 0
5.09018 0
5.09018 0
5.09018 0
5.09018 0
5.09018 0
5.09218 1.58324
5.09218 3.84073
5.09218 0.571083
5.09218 0
5.09218 0
5.09218 0
5.09218 0
5.09218 0
5.09218 0
5.09218 0
5.09419 1.51591
5.09419 3.87142
5.09419 0.609143
5.09419 0
5.09419 0
5.09419 0
5.09419 0
5.09419 0
5.09419 0
5.09419 0
5.09619 1.44963
5.09619 3.89909
5.09619 0.648858
5.09619 0
5.09619 0
5.09619 0
5.09619 0
5.09619 0
5.09619 0
5.09619 0
5.0982 1.38452
5.0982 3.92365
5.0982 0.690262
5.0982 0
5.0982 0
5.0982 0
5.0982 0
5.0982 0
5.0982 0
5.0982 0
5.1002 1.32068
5.1002 3.94499
5.1002 0.733392
5.1002 0
5.1002 0
5.1002 0
5.1002 0
5.1002 0
5.1002 0
5.1002 0
5.1022 1.25821
5.1022 3.96299
5.1022 0.778281
5.1022 0
5.1022 0
5.1022 0
5.1022 0
5.1022 0
5.1022 0
5.1022 0
5.10421 1.19723
5.10421 3.97756
5.10421 0.824966
5.10421 0
5.10421 0
5.10421 0
5.10421 0
5.10421 0
5.10421 0
5.10421 0
5.10621 1.13784
5.10621 3.98859
5.10621 0.873481
5.10621 0
5.10621 0
5.10621 0
5.10621 0
5.10621 0
5.10621 0
5.10621 0
5.10822 1.08014
5.10822 3.99598
5.10822 0.923862
5.10822 0
5.10822 0
5.10822 0
5.10822 0
5.10822 0
5.10822 0
5.10822 0
5.11022 1.02424
5.11022 3.99962
5.11022 0.976144
5.11022 0
5.11022 0
5.11022 0
5.11022 0
5.11022 0
5.11022 0
5.11022 0
5.11222 0.97024
5.11222 3.9994
5.11222 1.03036
5.11222 1.00602e-06
5.11222 0
5.11222 0
5.11222 0
5.11222 0
5.11222 0
5.11222 0
5.11423 0.918171
5.11423 3.99534
5.11423 1.08646
5.11423 2.20842e-05
5.11423 0
5.11423 0
5.11423 0
5.11423 0
5.11423 0
5.11423 0
5.11623 0.867999
5.11623 3.98755
5.11623 1.14436
5.11623 9.79224e-05
5.11623 0
5.11623 0
5.11623 0
5.11623 0
5.11623 0
5.11623 0
5.11824 0.819689
5.11824 3.97612
5.11824 1.20393
5.11824 0.000263723
5.11824 0
5.11824 0
5.11824 0
5.11824 0
5.11824 0
5.11824 0
5.12024 0.773205
5.12024 3.96116
5.12024 1.26508
5.12024 0.000554689
5.12024 0
5.12024 0
5.12024 0
5.12024 0
5.12024 0
5.12024 0
5.12224 0.728513
5.12224 3.94278
5.12224 1.3277
5.12224 0.00100602
5.12224 0
5.12224 0
5.12224 0
5.12224 0
5.12224 0
5.12224 0
5.12425 0.685577
5.12425 3.92108
5.12425 1.39169
5.12425 0.00165293
5.12425 0
5.12425 0
5.12425 0
5.12425 0
5.12425 0
5.12425 0
5.12625 0.644362
5.12625 3.89617
5.12625 1.45694
5.12625 0.00253061
5.12625 0
5.12625 0
5.12625 0
5.12625 0
5.12625 0
5.12625 0
5.12826 0.604833
5.12826 3.86816
5.12826 1.52334
5.12826 0.00367427
5.12826 0
5.12826 0
5.12826 0
5.12826 0
5.12826 0
5.12826 0
5.13026 0.566955
5.13026 3.83714
5.13026 1.59078
5.13026 0.0051191
5.13026 0
5.13026 0
5.13026 0
5.13026 0
5.13026 0
5.13026 0
5.13226 0.530692
5.13226 3.80323
5.13226 1.65918
5.13226 0.00690032
5.13226 0
5.13226 0
5.13226 0
5.13226 0
5.13226 0
5.13226 0
5.13427 0.496009
5.13427 3.76653
5.13427 1.7284
5.13427 0.00905312
5.13427 0
5.13427 0
5.13427 0
5.13427 0
5.13427 0
5.13427 0
5.13627 0.462871
5.13627 3.72715
5.13627 1.79836
5.13627 0.0116127
5.13627 0
5.13627 0
5.13627 0
5.13627 0
5.13627 0
5.13627 0
5.13828 0.431243
5.13828 3.68519
5.13828 1.86895
5.13828 0.0146143
5.13828 0
5.13828 0
5.13828 0
5.13828 0
5.13828 0
5.13828 0
5.14028 0.40109
5.14028 3.64076
5.14028 1.94005
5.14028 0.0180931
5.14028 0
5.14028 0
5.14028 0
5.14028 0
5.14028 0
5.14028 0
5.14228 0.372376
5.14228 3.59397
5.14228 2.01157
5.14228 0.0220842
5.14228 0
5.14228 0
5.14228 0
5.14228 0
5.14228 0
5.14228 0
5.14429 0.345066
5.14429 3.54491
5.14429 2.0834
5.14429 0.026623
5.14429 0
5.14429 0
5.14429 0
5.14429 0
5.14429 0
5.14429 0
5.14629 0.319125
5.14629 3.49369
5.14629 2.15544
5.14629 0.0317446
5.14629 0
5.14629 0
5.14629 0
5.14629 0
5.14629 0
5.14629 0
5.1483 0.294519
5.1483 3.44043
5.1483 2.22757
5.1483 0.0374842
5.1483 0
5.1483 0
5.1483 0
5.1483 0
5.1483 0
5.1483 0
5.1503 0.27121
5.1503 3.38522
5.1503 2.29969
5.1503 0.0438769
5.1503 0
5.1503 0
5.1503 0
5.1503 0
5.1503 0
5.1503 0
5.1523 0.249165
5.1523 3.32818
5.1523 2.3717
5.1523 0.0509581
5.1523 0
5.1523 0
5.1523 0
5.1523 0
5.1523 0
5.1523 0
5.15431 0.228348
5.15431 3.2694
5.15431 2.44349
5.15431 0.0587629
5.15431 0
5.15431 0
5.15431 0
5.15431 0
5.15431 0
5.15431 0
5.15631 0.208725
5.15631 3.209
5.15631 2.51495
5.15631 0.0673266
5.15631 0
5.15631 0
5.15631 0
5.15631 0
5.15631 0
5.15631 0
5.15832 0.190258
5.15832 3.14707
5.15832 2.58599
5.15832 0.0766842
5.15832 0
5.15832 0
5.15832 0
5.15832 0
5.15832 0
5.15832 0
5.16032 0.172915
5.16032 3.08373
5.16032 2.65649
5.16032 0.0868711
5.16032 0
5.16032 0
5.16032 0
5.16032 0
5.16032 0
5.16032 0
5.16232 0.156659
5.16232 3.01907
5.16232 2.72635
5.16232 0.0979224
5.16232 0
5.16232 0
5.16232 0
5.16232 0
5.16232 0
5.16232 0
5.16433 0.141455
5.16433 2.95322
5.16433 2.79546
5.16433 0.109873
5.16433 0
5.16433 0
5.16433 0
5.16433 0
5.16433 0
5.16433 0
5.16633 0.127268
5.16633 2.88626
5.16633 2.86371
5.16633 0.122759
5.16633 0
5.16633 0
5.16633 0
5.16633 0
5.16633 0
5.16633 0
5.16834 0.114063
5.16834 2.81831
5.16834 2.93101
5.16834 0.136615
5.16834 0
5.16834 0
5.16834 0
5.16834 0
5.16834 0
5.16834 0
5.17034 0.101804
5.17034 2.74947
5.17034 2.99725
5.17034 0.151476
5.17034 0
5.17034 0
5.17034 0
5.17034 0
5.17034 0
5.17034 0
5.17234 0.090457
5.17234 2.67985
5.17234 3.06232
5.17234 0.167377
5.17234 0
5.17234 0
5.17234 0
5.17234 0
5.17234 0
5.17234 0
5.17435 0.079986
5.17435 2.60955
5.17435 3.12611
5.17435 0.184354
5.17435 0
5.17435 0
5.17435 0
5.17435 0
5.17435 0
5.17435 0
5.17635 0.0703558
5.17635 2.53868
5.17635 3.18852
5.17635 0.202442
5.17635 0
5.17635 0
5.17635 0
5.17635 0
5.17635 0
5.17635 0
5.17836 0.0615314
5.17836 2.46735
5.17836 3.24944
5.17836 0.221676
5.17836 0
5.17836 0
5.17836 0
5.17836 0
5.17836 0
5.17836 0
5.18036 0.0534776
5.18036 2.39566
5.18036 3.30877
5.18036 0.242091
5.18036 0
5.18036 0
5.18036 0
5.18036 0
5.18036 0
5.18036 0
5.18236 0.0461591
5.18236 2.32371
5.18236 3.36641
5.18236 0.263723
5.18236 0
5.18236 0
5.18236 0
5.18236 0
5.18236 0
5.18236 0
5.18437 0.0395408
5.18437 2.25161
5.18437 3.42224
5.18437 0.286607
5.18437 0
5.18437 0
5.18437 0
5.18437 0
5.18437 0
5.18437 0
5.18637 0.0335874
5.18637 2.17947
5.18637 3.47616
5.18637 0.310777
5.18637 0
5.18637 0
5.18637 0
5.18637 0
5.18637 0
5.18637 0
5.18838 0.0282637
5.18838 2.1074
5.18838 3.52807
5.18838 0.336269
5.18838 0
5.18838 0
5.18838 0
5.18838 0
5.18838 0
5.18838 0
5.19038 0.0235346
5.19038 2.03549
5.19038 3.57786
5.19038 0.363118
5.19038 0
5.19038 0
5.19038 0
5.19038 0
5.19038 0
5.19038 0
5.19238 0.0193648
5.19238 1.96385
5.19238 3.62542
5.19238 0.39136
5.19238 0
5.19238 0
5.19238 0
5.19238 0
5.19238 0
5.19238 0
5.19439 0.0157191
5.19439 1.8926
5.19439 3.67065
5.19439 0.42103
5.19439 0
5.19439 0
5.19439 0
5.19439 0
5.19439 0
5.19439 0
5.19639 0.0125624
5.19639 1.82183
5.19639 3.71345
5.19639 0.452163
5.19639 0
5.19639 0
5.19639 0
5.19639 0
5.19639 0
5.19639 0
5.1984 0.00985938
5.1984 1.75165
5.1984 3.7537
5.1984 0.484793
5.1984 0
5.1984 0
5.1984 0
5.1984 0
5.1984 0
5.1984 0
5.2004 0.00757489
5.2004 1.68216
5.2004 3.7913
5.2004 0.518957
5.2004 0
5.2004 0
5.2004 0
5.2004 0
5.2004 0
5.2004 0
5.2024 0.00567373
5.2024 1.61348
5.2024 3.82615
5.2024 0.554689
5.2024 0
5.2024 0
5.2024 0
5.2024 0
5.2024 0
5.2024 0
5.20441 0.00412067
5.20441 1.54571
5.20441 3.85815
5.20441 0.592026
5.20441 0
5.20441 0
5.20441 0
5.20441 0
5.20441 0
5.20441 0
5.20641 0.00288054
5.20641 1.47895
5.20641 3.88717
5.20641 0.631
5.20641 0
5.20641 0
5.20641 0
5.20641 0
5.20641 0
5.20641 0
5.20842 0.00191811
5.20842 1.4133
5.20842 3.91313
5.20842 0.671649
5.20842 0
5.20842 0
5.20842 0
5.20842 0
5.20842 0
5.20842 0
5.21042 0.00119819
5.21042 1.34889
5.21042 3.93591
5.21042 0.714008
5.21042 0
5.21042 0
5.21042 0
5.21042 0
5.21042 0
5.21042 0
5.21242 0.000685577
5.21242 1.2858
5.21242 3.95541
5.21242 0.758111
5.21242 0
5.21242 0
5.21242 0
5.21242 0
5.21242 0
5.21242 0
5.21443 0.000345066
5.21443 1.22414
5.21443 3.97152
5.21443 0.803993
5.21443 0
5.21443 0
5.21443 0
5.21443 0
5.21443 0
5.21443 0
5.21643 0.000141455
5.21643 1.16403
5.21643 3.98414
5.21643 0.85169
5.21643 0
5.21643 0
5.21643 0
5.21643 0
5.21643 0
5.21643 0
5.21844 3.95408e-05
5.21844 1.10557
5.21844 3.99315
5.21844 0.901238
5.21844 0
5.21844 0
5.21844 0
5.21844 0
5.21844 0
5.21844 0
5.22044 4.12067e-06
5.22044 1.04885
5.22044 3.99847
5.22044 0.952671
5.22044 0
5.22044 0
5.22044 0
5.22044 0
5.22044 0
5.22044 0
5.22244 0
5.22244 0.994
5.22244 3.99998
5.22244 1.00602
5.22244 8.04819e-09
5.22244 0
5.22244 0
5.22244 0
5.22244 0
5.22244 0
5.22445 0
5.22445 0.941077
5.22445 3.99761
5.22445 1.0613
5.22445 8.04819e-06
5.22445 0
5.22445 0
5.22445 0
5.22445 0
5.22445 0
5.22645 0
5.22645 0.890066
5.22645 3.99147
5.22645 1.11841
5.22645 5.52026e-05
5.22645 0
5.22645 0
5.22645 0
5.22645 0
5.22645 0
5.22846 0
5.22846 0.840932
5.22846 3.98164
5.22846 1.17725
5.22846 0.000176674
5.22846 0
5.22846 0
5.22846 0
5.22846 0
5.22846 0
5.23046 0
5.23046 0.793641
5.23046 3.96824
5.23046 1.23772
5.23046 0.000407665
5.23046 0
5.23046 0
5.23046 0
5.23046 0
5.23046 0
5.23246 0
5.23246 0.748157
5.23246 3.95136
5.23246 1.2997
5.23246 0.000783379
5.23246 0
5.23246 0
5.23246 0
5.23246 0
5.23246 0
5.23447 0
5.23447 0.704445
5.23447 3.93113
5.23447 1.36309
5.23447 0.00133902
5.23447 0
5.23447 0
5.23447 0
5.23447 0
5.23447 0
5.23647 0
5.23647 0.66247
5.23647 3.90763
5.23647 1.42779
5.23647 0.00210979
5.23647 0
5.23647 0
5.23647 0
5.23647 0
5.23647 0
5.23848 0
5.23848 0.622196
5.23848 3.88098
5.23848 1.49369
5.23848 0.00313088
5.23848 0
5.23848 0
5.23848 0
5.23848 0
5.23848 0
5.24048 0
5.24048 0.583588
5.24048 3.85129
5.24048 1.56069
5.24048 0.00443752
5.24048 0
5.24048 0
5.24048 0
5.24048 0
5.24048 0
5.24248 0
5.24248 0.546612
5.24248 3.81865
5.24248 1.62867
5.24248 0.00606488
5.24248 0
5.24248 0
5.24248 0
5.24248 0
5.24248 0
5.24449 0
5.24449 0.511231
5.24449 3.78318
5.24449 1.69754
5.24449 0.00804819
5.24449 0
5.24449 0
5.24449 0
5.24449 0
5.24449 0
5.24649 0
5.24649 0.477411
5.24649 3.74498
5.24649 1.76719
5.24649 0.0104226
5.24649 0
5.24649 0
5.24649 0
5.24649 0
5.24649 0
5.2485 0
5.2485 0.445116
5.2485 3.70415
5.2485 1.83751
5.2485 0.0132234
5.2485 0
5.2485 0
5.2485 0
5.2485 0
5.2485 0
5.2505 0
5.2505 0.414312
5.2505 3.66081
5.2505 1.90839
5.2505 0.0164858
5.2505 0
5.2505 0
5.2505 0
5.2505 0
5.2505 0
5.25251 0
5.25251 0.384962
5.25251 3.61505
5.25251 1.97974
5.25251 0.0202449
5.25251 0
5.25251 0
5.25251 0
5.25251 0
5.25251 0
5.25451 0
5.25451 0.357033
5.25451 3.56698
5.25451 2.05145
5.25451 0.0245359
5.25451 0
5.25451 0
5.25451 0
5.25451 0
5.25451 0
5.25651 0
5.25651 0.330488
5.25651 3.51671
5.25651 2.1234
5.25651 0.0293941
5.25651 0
5.25651 0
5.25651 0
5.25651 0
5.25651 0
5.25852 0
5.25852 0.305293
5.25852 3.46435
5.25852 2.1955
5.25852 0.0348547
5.25852 0
5.25852 0
5.25852 0
5.25852 0
5.25852 0
5.26052 0
5.26052 0.281411
5.26052 3.40999
5.26052 2.26764
5.26052 0.0409528
5.26052 0
5.26052 0
5.26052 0
5.26052 0
5.26052 0
5.26253 0
5.26253 0.258809
5.26253 3.35375
5.26253 2.33971
5.26253 0.0477237
5.26253 0
5.26253 0
5.26253 0
5.26253 0
5.26253 0
5.26453 0
5.26453 0.237451
5.26453 3.29573
5.26453 2.41161
5.26453 0.0552026
5.26453 0
5.26453 0
5.26453 0
5.26453 0
5.26453 0
5.26653 0
5.26653 0.217301
5.26653 3.23604
5.26653 2.48324
5.26653 0.0634246
5.26653 0
5.26653 0
5.26653 0
5.26653 0
5.26653 0
5.26854 0
5.26854 0.198325
5.26854 3.17477
5.26854 2.55448
5.26854 0.072425
5.26854 0
5.26854 0
5.26854 0
5.26854 0
5.26854 0
5.27054 0
5.27054 0.180487
5.27054 3.11205
5.27054 2.62523
5.27054 0.082239
5.27054 0
5.27054 0
5.27054 0
5.27054 0
5.27054 0
5.27255 0
5.27255 0.163752
5.27255 3.04796
5.27255 2.69538
5.27255 0.0929017
5.27255 0
5.27255 0
5.27255 0
5.27255 0
5.27255 0
5.27455 0
5.27455 0.148085
5.27455 2.98263
5.27455 2.76484
5.27455 0.104448
5.27455 0
5.27455 0
5.27455 0
5.27455 0
5.27455 0
5.27655 0
5.27655 0.13345
5.27655 2.91615
5.27655 2.83349
5.27655 0.116914
5.27655 0
5.27655 0
5.27655 0
5.27655 0
5.27655 0
5.27856 0
5.27856 0.119813
5.27856 2.84862
5.27856 2.90123
5.27856 0.130335
5.27856 0
5.27856 0
5.27856 0
5.27856 0
5.27856 0
5.28056 0
5.28056 0.107138
5.28056 2.78017
5.28056 2.96795
5.28056 0.144745
5.28056 0
5.28056 0
5.28056 0
5.28056 0
5.28056 0
5.28257 0
5.28257 0.09539
5.28257 2.71088
5.28257 3.03355
5.28257 0.160179
5.28257 0
5.28257 0
5.28257 0
5.28257 0
5.28257 0
5.28457 0
5.28457 0.0845339
5.28457 2.64087
5.28457 3.09792
5.28457 0.176674
5.28457 0
5.28457 0
5.28457 0
5.28457 0
5.28457 0
5.28657 0
5.28657 0.0745343
5.28657 2.57025
5.28657 3.16096
5.28657 0.194264
5.28657 0
5.28657 0
5.28657 0
5.28657 0
5.28657 0
5.28858 0
5.28858 0.0653562
5.28858 2.49911
5.28858 3.22255
5.28858 0.212984
5.28858 0
5.28858 0
5.28858 0
5.28858 0
5.28858 0
5.29058 0
5.29058 0.0569642
5.29058 2.42756
5.29058 3.28261
5.29058 0.23287
5.29058 0
5.29058 0
5.29058 0
5.29058 0
5.29058 0
5.29259 0
5.29259 0.0493232
5.29259 2.35571
5.29259 3.34101
5.29259 0.253957
5.29259 0
5.29259 0
5.29259 0
5.29259 0
5.29259 0
5.29459 0
5.29459 0.0423981
5.29459 2.28367
5.29459 3.39765
5.29459 0.276279
5.29459 0
5.29459 0
5.29459 0
5.29459 0
5.29459 0
5.29659 0
5.29659 0.0361535
5.29659 2.21153
5.29659 3.45244
5.29659 0.299873
5.29659 0
5.29659 0
5.29659 0
5.29659 0
5.29659 0
5.2986 0
5.2986 0.0305543
5.2986 2.13942
5.2986 3.50526
5.2986 0.324774
5.2986 0
5.2986 0
5.2986 0
5.2986 0
5.2986 0
5.3006 0
5.3006 0.0255653
5.3006 2.06742
5.3006 3.556
5.3006 0.351016
5.3006 0
5.3006 0
5.3006 0
5.3006 0
5.3006 0
5.30261 0
5.30261 0.0211512
5.30261 1.99565
5.30261 3.60456
5.30261 0.378634
5.30261 0
5.30261 0
5.30261 0
5.30261 0
5.30261 0
5.30461 0
5.30461 0.017277
5.30461 1.92421
5.30461 3.65084
5.30461 0.407665
5.30461 0
5.30461 0
5.30461 0
5.30461 0
5.30461 0
5.30661 0
5.30661 0.0139073
5.30661 1.85321
5.30661 3.69474
5.30661 0.438143
5.30661 0
5.30661 0
5.30661 0
5.30661 0
5.30661 0
5.30862 0
5.30862 0.011007
5.30862 1.78276
5.30862 3.73613
5.30862 0.470104
5.30862 0
5.30862 0
5.30862 0
5.30862 0
5.30862 0
5.31062 0
5.31062 0.00854081
5.31062 1.71295
5.31062 3.77492
5.31062 0.503582
5.31062 0
5.31062 0
5.31062 0
5.31062 0
5.31062 0
5.31263 0
5.31263 0.00647362
5.31263 1.6439
5.31263 3.81101
5.31263 0.538613
5.31263 0
5.31263 0
5.31263 0
5.31263 0
5.31263 0
5.31463 0
5.31463 0.0047702
5.31463 1.57571
5.31463 3.84429
5.31463 0.575231
5.31463 0
5.31463 0
5.31463 0
5.31463 0
5.31463 0
5.31663 0
5.31663 0.00339533
5.31663 1.50849
5.31663 3.87464
5.31663 0.613474
5.31663 0
5.31663 0
5.31663 0
5.31663 0
5.31663 0
5.31864 0
5.31864 0.00231382
5.31864 1.44233
5.31864 3.90198
5.31864 0.653374
5.31864 0
5.31864 0
5.31864 0
5.31864 0
5.31864 0
5.32064 0
5.32064 0.00149047
5.32064 1.37736
5.32064 3.92618
5.32064 0.694969
5.32064 0
5.32064 0
5.32064 0
5.32064 0
5.32064 0
5.32265 0
5.32265 0.000890066
5.32265 1.31367
5.32265 3.94715
5.32265 0.738292
5.32265 0
5.32265 0
5.32265 0
5.32265 0
5.32265 0
5.32465 0
5.32465 0.000477411
5.32465 1.25136
5.32465 3.96478
5.32465 0.783379
5.32465 0
5.32465 0
5.32465 0
5.32465 0
5.32465 0
5.32665 0
5.32665 0.000217301
5.32665 1.19055
5.32665 3.97897
5.32665 0.830265
5.32665 0
5.32665 0
5.32665 0
5.32665 0
5.32665 0
5.32866 0
5.32866 7.45343e-05
5.32866 1.13134
5.32866 3.9896
5.32866 0.878986
5.32866 0
5.32866 0
5.32866 0
5.32866 0
5.32866 0
5.33066 0
5.33066 1.39073e-05
5.33066 1.07384
5.33066 3.99657
5.33066 0.929577
5.33066 0
5.33066 0
5.33066 0
5.33066 0
5.33066 0
5.33267 0
5.33267 2.17301e-07
5.33267 1.01814
5.33267 3.99978
5.33267 0.982072
5.33267 0
5.33267 0
5.33267 0
5.33267 0
5.33267 0
5.33467 0
5.33467 0
5.33467 0.96436
5.33467 3.99914
5.33467 1.0365
5.33467 1.73841e-06
5.33467 0
5.33467 0
5.33467 0
5.33467 0
5.33667 0
5.33667 0
5.33667 0.912503
5.33667 3.99466
5.33667 1.09281
5.33667 2.71627e-05
5.33667 0
5.33667 0
5.33667 0
5.33667 0
5.33868 0
5.33868 0
5.33868 0.86254
5.33868 3.98645
5.33868 1.15089
5.33868 0.000111258
5.33868 0
5.33868 0
5.33868 0
5.33868 0
5.34068 0
5.34068 0
5.34068 0.814434
5.34068 3.97463
5.34068 1.21065
5.34068 0.000289228
5.34068 0
5.34068 0
5.34068 0
5.34068 0
5.34269 0
5.34269 0
5.34269 0.768152
5.34269 3.95928
5.34269 1.27197
5.34269 0.000596274
5.34269 0
5.34269 0
5.34269 0
5.34269 0
5.34469 0
5.34469 0
5.34469 0.723656
5.34469 3.94053
5.34469 1.33475
5.34469 0.0010676
5.34469 0
5.34469 0
5.34469 0
5.34469 0
5.34669 0
5.34669 0
5.34669 0.680913
5.34669 3.91847
5.34669 1.39888
5.34669 0.00173841
5.34669 0
5.34669 0
5.34669 0
5.34669 0
5.3487 0
5.3487 0
5.3487 0.639888
5.3487 3.89321
5.3487 1.46426
5.3487 0.0026439
5.3487 0
5.3487 0
5.3487 0
5.3487 0
5.3507 0
5.3507 0
5.3507 0.600544
5.3507 3.86486
5.3507 1.53078
5.3507 0.00381929
5.3507 0
5.3507 0
5.3507 0
5.3507 0
5.35271 0
5.35271 0
5.35271 0.562847
5.35271 3.83351
5.35271 1.59834
5.35271 0.00529976
5.35271 0
5.35271 0
5.35271 0
5.35271 0
5.35471 0
5.35471 0
5.35471 0.526761
5.35471 3.79929
5.35471 1.66683
5.35471 0.00712053
5.35471 0
5.35471 0
5.35471 0
5.35471 0
5.35671 0
5.35671 0
5.35671 0.492251
5.35671 3.76229
5.35671 1.73614
5.35671 0.00931679
5.35671 0
5.35671 0
5.35671 0
5.35671 0
5.35872 0
5.35872 0
5.35872 0.459283
5.35872 3.72262
5.35872 1.80618
5.35872 0.0119238
5.35872 0
5.35872 0
5.35872 0
5.35872 0
5.36072 0
5.36072 0
5.36072 0.427821
5.36072 3.68038
5.36072 1.87683
5.36072 0.0149766
5.36072 0
5.36072 0
5.36072 0
5.36072 0
5.36273 0
5.36273 0
5.36273 0.397829
5.36273 3.63568
5.36273 1.94798
5.36273 0.0185106
5.36273 0
5.36273 0
5.36273 0
5.36273 0
5.36473 0
5.36473 0
5.36473 0.369273
5.36473 3.58862
5.36473 2.01954
5.36473 0.0225609
5.36473 0
5.36473 0
5.36473 0
5.36473 0
5.36673 0
5.36673 0
5.36673 0.342117
5.36673 3.53932
5.36673 2.0914
5.36673 0.0271627
5.36673 0
5.36673 0
5.36673 0
5.36673 0
5.36874 0
5.36874 0
5.36874 0.316326
5.36874 3.48788
5.36874 2.16345
5.36874 0.0323512
5.36874 0
5.36874 0
5.36874 0
5.36874 0
5.37074 0
5.37074 0
5.37074 0.291865
5.37074 3.43439
5.37074 2.23558
5.37074 0.0381616
5.37074 0
5.37074 0
5.37074 0
5.37074 0
5.37275 0
5.37275 0
5.37275 0.268699
5.37275 3.37897
5.37275 2.3077
5.37275 0.0446291
5.37275 0
5.37275 0
5.37275 0
5.37275 0
5.37475 0
5.37475 0
5.37475 0.246792
5.37475 3.32173
5.37475 2.37969
5.37475 0.051789
5.37475 0
5.37475 0
5.37475 0
5.37475 0
5.37675 0
5.37675 0
5.37675 0.22611
5.37675 3.26277
5.37675 2.45145
5.37675 0.0596763
5.37675 0
5.37675 0
5.37675 0
5.37675 0
5.37876 0
5.37876 0
5.37876 0.206616
5.37876 3.20219
5.37876 2.52287
5.37876 0.0683265
5.37876 0
5.37876 0
5.37876 0
5.37876 0
5.38076 0
5.38076 0
5.38076 0.188277
5.38076 3.1401
5.38076 2.59385
5.38076 0.0777745
5.38076 0
5.38076 0
5.38076 0
5.38076 0
5.38277 0
5.38277 0
5.38277 0.171056
5.38277 3.07661
5.38277 2.66428
5.38277 0.0880557
5.38277 0
5.38277 0
5.38277 0
5.38277 0
5.38477 0
5.38477 0
5.38477 0.154918
5.38477 3.01181
5.38477 2.73406
5.38477 0.0992052
5.38477 0
5.38477 0
5.38477 0
5.38477 0
5.38677 0
5.38677 0
5.38677 0.139829
5.38677 2.94583
5.38677 2.80308
5.38677 0.111258
5.38677 0
5.38677 0
5.38677 0
5.38677 0
5.38878 0
5.38878 0
5.38878 0.125753
5.38878 2.87876
5.38878 2.87124
5.38878 0.12425
5.38878 0
5.38878 0
5.38878 0
5.38878 0
5.39078 0
5.39078 0
5.39078 0.112655
5.39078 2.8107
5.39078 2.93843
5.39078 0.138216
5.39078 0
5.39078 0
5.39078 0
5.39078 0
5.39279 0
5.39279 0
5.39279 0.100499
5.39279 2.74177
5.39279 3.00454
5.39279 0.153191
5.39279 0
5.39279 0
5.39279 0
5.39279 0
5.39479 0
5.39479 0
5.39479 0.089251
5.39479 2.67207
5.39479 3.06947
5.39479 0.16921
5.39479 0
5.39479 0
5.39479 0
5.39479 0
5.39679 0
5.39679 0
5.39679 0.0788751
5.39679 2.6017
5.39679 3.13311
5.39679 0.186309
5.39679 0
5.39679 0
5.39679 0
5.39679 0
5.3988 0
5.3988 0
5.3988 0.0693362
5.3988 2.53078
5.3988 3.19536
5.3988 0.204522
5.3988 0
5.3988 0
5.3988 0
5.3988 0
5.4008 0
5.4008 0
5.4008 0.0605992
5.4008 2.4594
5.4008 3.25611
5.4008 0.223886
5.4008 0
5.4008 0
5.4008 0
5.4008 0
5.40281 0
5.40281 0
5.40281 0.0526288
5.40281 2.38767
5.40281 3.31526
5.40281 0.244434
5.40281 0
5.40281 0
5.40281 0
5.40281 0
5.40481 0
5.40481 0
5.40481 0.0453898
5.40481 2.3157
5.40481 3.3727
5.40481 0.266203
5.40481 0
5.40481 0
5.40481 0
5.40481 0
5.40681 0
5.40681 0
5.40681 0.0388471
5.40681 2.2436
5.40681 3.42833
5.40681 0.289228
5.40681 0
5.40681 0
5.40681 0
5.40681 0
5.40882 0
5.40882 0
5.40882 0.0329654
5.40882 2.17146
5.40882 3.48203
5.40882 0.313543
5.40882 0
5.40882 0
5.40882 0
5.40882 0
5.41082 0
5.41082 0
5.41082 0.0277095
5.41082 2.0994
5.41082 3.53371
5.41082 0.339185
5.41082 0
5.41082 0
5.41082 0
5.41082 0
5.41283 0
5.41283 0
5.41283 0.0230443
5.41283 2.02751
5.41283 3.58326
5.41283 0.366187
5.41283 0
5.41283 0
5.41283 0
5.41283 0
5.41483 0
5.41483 0
5.41483 0.0189345
5.41483 1.95592
5.41483 3.63056
5.41483 0.394586
5.41483 0
5.41483 0
5.41483 0
5.41483 0
5.41683 0
5.41683 0
5.41683 0.0153449
5.41683 1.88471
5.41683 3.67553
5.41683 0.424416
5.41683 0
5.41683 0
5.41683 0
5.41683 0
5.41884 0
5.41884 0
5.41884 0.0122403
5.41884 1.814
5.41884 3.71805
5.41884 0.455714
5.41884 0
5.41884 0
5.41884 0
5.41884 0
5.42084 0
5.42084 0
5.42084 0.00958553
5.42084 1.74389
5.42084 3.75801
5.42084 0.488513
5.42084 0
5.42084 0
5.42084 0
5.42084 0
5.42285 0
5.42285 0
5.42285 0.00734537
5.42285 1.67449
5.42285 3.79531
5.42285 0.522849
5.42285 0
5.42285 0
5.42285 0
5.42285 0
5.42485 0
5.42485 0
5.42485 0.00548462
5.42485 1.60591
5.42485 3.82985
5.42485 0.558758
5.42485 0
5.42485 0
5.42485 0
5.42485 0
5.42685 0
5.42685 0
5.42685 0.00396807
5.42685 1.53824
5.42685 3.86152
5.42685 0.596274
5.42685 0
5.42685 0
5.42685 0
5.42685 0
5.42886 0
5.42886 0
5.42886 0.00276053
5.42886 1.4716
5.42886 3.89021
5.42886 0.635434
5.42886 0
5.42886 0
5.42886 0
5.42886 0
5.43086 0
5.43086 0
5.43086 0.00182679
5.43086 1.40608
5.43086 3.91582
5.43086 0.676271
5.43086 0
5.43086 0
5.43086 0
5.43086 0
5.43287 0
5.43287 0
5.43287 0.00113164
5.43287 1.34181
5.43287 3.93824
5.43287 0.718821
5.43287 0
5.43287 0
5.43287 0
5.43287 0
5.43487 0
5.43487 0
5.43487 0.000639888
5.43487 1.27887
5.43487 3.95737
5.43487 0.76312
5.43487 0
5.43487 0
5.43487 0
5.43487 0
5.43687 0
5.43687 0
5.43687 0.000316326
5.43687 1.21739
5.43687 3.97309
5.43687 0.809203
5.43687 0
5.43687 0
5.43687 0
5.43687 0
5.43888 0
5.43888 0
5.43888 0.000125753
5.43888 1.15745
5.43888 3.98532
5.43888 0.857104
5.43888 0
5.43888 0
5.43888 0
5.43888 0
5.44088 0
5.44088 0
5.44088 3.29654e-05
5.44088 1.09918
5.44088 3.99393
5.44088 0.906859
5.44088 0
5.44088 0
5.44088 0
5.44088 0
5.44289 0
5.44289 0
5.44289 2.76053e-06
5.44289 1.04267
5.44289 3.99883
5.44289 0.958503
5.44289 0
5.44289 0
5.44289 0
5.44289 0
5.44489 0
5.44489 0
5.44489 0
5.44489 0.988024
5.44489 3.9999
5.44489 1.01207
5.44489 6.43855e-08
5.44489 0
5.44489 0
5.44489 0
5.44689 0
5.44689 0
5.44689 0
5.44689 0.935315
5.44689 3.99712
5.44689 1.06756
5.44689 1.07121e-05
5.44689 0
5.44689 0
5.44689 0
5.4489 0
5.4489 0
5.4489 0
5.4489 0.884514
5.4489 3.99055
5.4489 1.12487
5.4489 6.43855e-05
5.4489 0
5.4489 0
5.4489 0
5.4509 0
5.4509 0
5.4509 0
5.4509 0.835588
5.4509 3.98032
5.4509 1.18389
5.4509 0.000196287
5.4509 0
5.4509 0
5.4509 0
5.45291 0
5.45291 0
5.45291 0
5.45291 0.788499
5.45291 3.96653
5.45291 1.24453
5.45291 0.00044162
5.45291 0
5.45291 0
5.45291 0
5.45491 0
5.45491 0
5.45491 0
5.45491 0.743214
5.45491 3.94928
5.45491 1.30667
5.45491 0.000835588
5.45491 0
5.45491 0
5.45491 0
5.45691 0
5.45691 0
5.45691 0
5.45691 0.699696
5.45691 3.92867
5.45691 1.37022
5.45691 0.00141339
5.45691 0
5.45691 0
5.45691 0
5.45892 0
5.45892 0
5.45892 0
5.45892 0.657912
5.45892 3.90482
5.45892 1.43505
5.45892 0.00221023
5.45892 0
5.45892 0
5.45892 0
5.46092 0
5.46092 0
5.46092 0
5.46092 0.617825
5.46092 3.87783
5.46092 1.50108
5.46092 0.00326132
5.46092 0
5.46092 0
5.46092 0
5.46293 0
5.46293 0
5.46293 0
5.46293 0.5794
5.46293 3.84781
5.46293 1.56819
5.46293 0.00460185
5.46293 0
5.46293 0
5.46293 0
5.46493 0
5.46493 0
5.46493 0
5.46493 0.542602
5.46493 3.81485
5.46493 1.63628
5.46493 0.00626703
5.46493 0
5.46493 0
5.46493 0
5.46693 0
5.46693 0
5.46693 0
5.46693 0.507397
5.46693 3.77907
5.46693 1.70524
5.46693 0.00829206
5.46693 0
5.46693 0
5.46693 0
5.46894 0
5.46894 0
5.46894 0
5.46894 0.473748
5.46894 3.74057
5.46894 1.77497
5.46894 0.0107121
5.46894 0
5.46894 0
5.46894 0
5.47094 0
5.47094 0
5.47094 0
5.47094 0.44162
5.47094 3.69946
5.47094 1.84536
5.47094 0.0135625
5.47094 0
5.47094 0
5.47094 0
5.47295 0
5.47295 0
5.47295 0
5.47295 0.410979
5.47295 3.65584
5.47295 1.9163
5.47295 0.0168783
5.47295 0
5.47295 0
5.47295 0
5.47495 0
5.47495 0
5.47495 0
5.47495 0.38179
5.47495 3.60982
5.47495 1.98769
5.47495 0.0206947
5.47495 0
5.47495 0
5.47495 0
5.47695 0
5.47695 0
5.47695 0
5.47695 0.354016
5.47695 3.5615
5.47695 2.05943
5.47695 0.0250471
5.47695 0
5.47695 0
5.47695 0
5.47896 0
5.47896 0
5.47896 0
5.47896 0.327622
5.47896 3.511
5.47896 2.13141
5.47896 0.0299705
5.47896 0
5.47896 0
5.47896 0
5.48096 0
5.48096 0
5.48096 0
5.48096 0.302575
5.48096 3.45841
5.48096 2.20352
5.48096 0.0355001
5.48096 0
5.48096 0
5.48096 0
5.48297 0
5.48297 0
5.48297 0
5.48297 0.278837
5.48297 3.40384
5.48297 2.27566
5.48297 0.0416713
5.48297 0
5.48297 0
5.48297 0
5.48497 0
5.48497 0
5.48497 0
5.48497 0.256375
5.48497 3.34739
5.48497 2.34771
5.48497 0.0485191
5.48497 0
5.48497 0
5.48497 0
5.48697 0
5.48697 0
5.48697 0
5.48697 0.235153
5.48697 3.28918
5.48697 2.41959
5.48697 0.0560788
5.48697 0
5.48697 0
5.48697 0
5.48898 0
5.48898 0
5.48898 0
5.48898 0.215135
5.48898 3.22931
5.48898 2.49117
5.48898 0.0643855
5.48898 0
5.48898 0
5.48898 0
5.49098 0
5.49098 0
5.49098 0
5.49098 0.196287
5.49098 3.16787
5.49098 2.56236
5.49098 0.0734746
5.49098 0
5.49098 0
5.49098 0
5.49299 0
5.49299 0
5.49299 0
5.49299 0.178574
5.49299 3.10499
5.49299 2.63305
5.49299 0.0833811
5.49299 0
5.49299 0
5.49299 0
5.49499 0
5.49499 0
5.49499 0
5.49499 0.161959
5.49499 3.04076
5.49499 2.70314
5.49499 0.0941404
5.49499 0
5.49499 0
5.49499 0
5.49699 0
5.49699 0
5.49699 0
5.49699 0.146408
5.49699 2.9753
5.49699 2.77251
5.49699 0.105788
5.49699 0
5.49699 0
5.49699 0
5.499 0
5.499 0
5.499 0
5.499 0.131886
5.499 2.90869
5.499 2.84106
5.499 0.118358
5.499 0
5.499 0
5.499 0
5.501 0
5.501 0
5.501 0
5.501 0.118358
5.501 2.84106
5.501 2.90869
5.501 0.131886
5.501 0
5.501 0
5.501 0
5.50301 0
5.50301 0
5.50301 0
5.50301 0.105788
5.50301 2.77251
5.50301 2.9753
5.50301 0.146408
5.50301 0
5.50301 0
5.50301 0
5.50501 0
5.50501 0
5.50501 0
5.50501 0.0941404
5.50501 2.70314
5.50501 3.04076
5.50501 0.161959
5.50501 0
5.50501 0
5.50501 0
5.50701 0
5.50701 0
5.50701 0
5.50701 0.0833811
5.50701 2.63305
5.50701 3.10499
5.50701 0.178574
5.50701 0
5.50701 0
5.50701 0
5.50902 0
5.50902 0
5.50902 0
5.50902 0.0734746
5.50902 2.56236
5.50902 3.16787
5.50902 0.196287
5.50902 0
5.50902 0
5.50902 0
5.51102 0
5.51102 0
5.51102 0
5.51102 0.0643855
5.51102 2.49117
5.51102 3.22931
5.51102 0.215135
5.51102 0
5.51102 0
5.51102 0
5.51303 0
5.51303 0
5.51303 0
5.51303 0.0560788
5.51303 2.41959
5.51303 3.28918
5.51303 0.235153
5.51303 0
5.51303 0
5.51303 0
5.51503 0
5.51503 0
5.51503 0
5.51503 0.0485191
5.51503 2.34771
5.51503 3.34739
5.51503 0.256375
5.51503 0
5.51503 0
5.51503 0
5.51703 0
5.51703 0
5.51703 0
5.51703 0.0416713
5.51703 2.27566
5.51703 3.40384
5.51703 0.278837
5.51703 0
5.51703 0
5.51703 0
5.51904 0
5.51904 0
5.51904 0
5.51904 0.0355001
5.51904 2.20352
5.51904 3.45841
5.51904 0.302575
5.51904 0
5.51904 0
5.51904 0
5.52104 0
5.52104 0
5.52104 0
5.52104 0.0299705
5.52104 2.13141
5.52104 3.511
5.52104 0.327622
5.52104 0
5.52104 0
5.52104 0
5.52305 0
5.52305 0
5.52305 0
5.52305 0.0250471
5.52305 2.05943
5.52305 3.5615
5.52305 0.354016
5.52305 0
5.52305 0
5.52305 0
5.52505 0
5.52505 0
5.52505 0
5.52505 0.0206947
5.52505 1.98769
5.52505 3.60982
5.52505 0.38179
5.52505 0
5.52505 0
5.52505 0
5.52705 0
5.52705 0
5.52705 0
5.52705 0.0168783
5.52705 1.9163
5.52705 3.65584
5.52705 0.410979
5.52705 0
5.52705 0
5.52705 0
5.52906 0
5.52906 0
5.52906 0
5.52906 0.0135625
5.52906 1.84536
5.52906 3.69946
5.52906 0.44162
5.52906 0
5.52906 0
5.52906 0
5.53106 0
5.53106 0
5.53106 0
5.53106 0.0107121
5.53106 1.77497
5.53106 3.74057
5.53106 0.473748
5.53106 0
5.53106 0
5.53106 0
5.53307 0
5.53307 0
5.53307 0
5.53307 0.00829206
5.53307 1.70524
5.53307 3.77907
5.53307 0.507397
5.53307 0
5.53307 0
5.53307 0
5.53507 0
5.53507 0
5.53507 0
5.53507 0.00626703
5.53507 1.63628
5.53507 3.81485
5.53507 0.542602
5.53507 0
5.53507 0
5.53507 0
5.53707 0
5.53707 0
5.53707 0
5.53707 0.00460185
5.53707 1.56819
5.53707 3.84781
5.53707 0.5794
5.53707 0
5.53707 0
5.53707 0
5.53908 0
5.53908 0
5.53908 0
5.53908 0.00326132
5.53908 1.50108
5.53908 3.87783
5.53908 0.617825
5.53908 0
5.53908 0
5.53908 0
5.54108 0
5.54108 0
5.54108 0
5.54108 0.00221023
5.54108 1.43505
5.54108 3.90482
5.54108 0.657912
5.54108 0
5.54108 0
5.54108 0
5.54309 0
5.54309 0
5.54309 0
5.54309 0.00141339
5.54309 1.37022
5.54309 3.92867
5.54309 0.699696
5.54309 0
5.54309 0
5.54309 0
5.54509 0
5.54509 0
5.54509 0
5.54509 0.000835588
5.54509 1.30667
5.54509 3.94928
5.54509 0.743214
5.54509 0
5.54509 0
5.54509 0
5.54709 0
5.54709 0
5.54709 0
5.54709 0.00044162
5.54709 1.24453
5.54709 3.96653
5.54709 0.788499
5.54709 0
5.54709 0
5.54709 0
5.5491 0
5.5491 0
5.5491 0
5.5491 0.000196287
5.5491 1.18389
5.5491 3.98032
5.5491 0.835588
5.5491 0
5.5491 0
5.5491 0
5.5511 0
5.5511 0
5.5511 0
5.5511 6.43855e-05
5.5511 1.12487
5.5511 3.99055
5.5511 0.884514
5.5511 0
5.5511 0
5.5511 0
5.55311 0
5.55311 0
5.55311 0
5.55311 1.07121e-05
5.55311 1.06756
5.55311 3.99712
5.55311 0.935315
5.55311 0
5.55311 0
5.55311 0
5.55511 0
5.55511 0
5.55511 0
5.55511 6.43855e-08
5.55511 1.01207
5.55511 3.9999
5.55511 0.988024
5.55511 0
5.55511 0
5.55511 0
5.55711 0
5.55711 0
5.55711 0
5.55711 0
5.55711 0.958503
5.55711 3.99883
5.55711 1.04267
5.55711 2.76053e-06
5.55711 0
5.55711 0
5.55912 0
5.55912 0
5.55912 0
5.55912 0
5.55912 0.906859
5.55912 3.99393
5.55912 1.09918
5.55912 3.29654e-05
5.55912 0
5.55912 0
5.56112 0
5.56112 0
5.56112 0
5.56112 0
5.56112 0.857104
5.56112 3.98532
5.56112 1.15745
5.56112 0.000125753
5.56112 0
5.56112 0
5.56313 0
5.56313 0
5.56313 0
5.56313 0
5.56313 0.809203
5.56313 3.97309
5.56313 1.21739
5.56313 0.000316326
5.56313 0
5.56313 0
5.56513 0
5.56513 0
5.56513 0
5.56513 0
5.56513 0.76312
5.56513 3.95737
5.56513 1.27887
5.56513 0.000639888
5.56513 0
5.56513 0
5.56713 0
5.56713 0
5.56713 0
5.56713 0
5.56713 0.718821
5.56713 3.93824
5.56713 1.34181
5.56713 0.00113164
5.56713 0
5.56713 0
5.56914 0
5.56914 0
5.56914 0
5.56914 0
5.56914 0.676271
5.56914 3.91582
5.56914 1.40608
5.56914 0.00182679
5.56914 0
5.56914 0
5.57114 0
5.57114 0
5.57114 0
5.57114 0
5.57114 0.635434
5.57114 3.89021
5.57114 1.4716
5.57114 0.00276053
5.57114 0
5.57114 0
5.57315 0
5.57315 0
5.57315 0
5.57315 0
5.57315 0.596274
5.57315 3.86152
5.57315 1.53824
5.57315 0.00396807
5.57315 0
5.57315 0
5.57515 0
5.57515 0
5.57515 0
5.57515 0
5.57515 0.558758
5.57515 3.82985
5.57515 1.60591
5.57515 0.00548462
5.57515 0
5.57515 0
5.57715 0
5.57715 0
5.57715 0
5.57715 0
5.57715 0.522849
5.57715 3.79531
5.57715 1.67449
5.57715 0.00734537
5.57715 0
5.57715 0
5.57916 0
5.57916 0
5.57916 0
5.57916 0
5.57916 0.488513
5.57916 3.75801
5.57916 1.74389
5.57916 0.00958553
5.57916 0
5.57916 0
5.58116 0
5.58116 0
5.58116 0
5.58116 0
5.58116 0.455714
5.58116 3.71805
5.58116 1.814
5.58116 0.0122403
5.58116 0
5.58116 0
5.58317 0
5.58317 0
5.58317 0
5.58317 0
5.58317 0.424416
5.58317 3.67553
5.58317 1.88471
5.58317 0.0153449
5.58317 0
5.58317 0
5.58517 0
5.58517 0
5.58517 0
5.58517 0
5.58517 0.394586
5.58517 3.63056
5.58517 1.95592
5.58517 0.0189345
5.58517 0
5.58517 0
5.58717 0
5.58717 0
5.58717 0
5.58717 0
5.58717 0.366187
5.58717 3.58326
5.58717 2.02751
5.58717 0.0230443
5.58717 0
5.58717 0
5.58918 0
5.58918 0
5.58918 0
5.58918 0
5.58918 0.339185
5.58918 3.53371
5.58918 2.0994
5.58918 0.0277095
5.58918 0
5.58918 0
5.59118 0
5.59118 0
5.59118 0
5.59118 0
5.59118 0.313543
5.59118 3.48203
5.59118 2.17146
5.59118 0.0329654
5.59118 0
5.59118 0
5.59319 0
5.59319 0
5.59319 0
5.59319 0
5.59319 0.289228
5.59319 3.42833
5.59319 2.2436
5.59319 0.0388471
5.59319 0
5.59319 0
5.59519 0
5.59519 0
5.59519 0
5.59519 0
5.59519 0.266203
5.59519 3.3727
5.59519 2.3157
5.59519 0.0453898
5.59519 0
5.59519 0
5.59719 0
5.59719 0
5.59719 0
5.59719 0
5.59719 0.244434
5.59719 3.31526
5.59719 2.38767
5.59719 0.0526288
5.59719 0
5.59719 0
5.5992 0
5.5992 0
5.5992 0
5.5992 0
5.5992 0.223886
5.5992 3.25611
5.5992 2.4594
5.5992 0.0605992
5.5992 0
5.5992 0
5.6012 0
5.6012 0
5.6012 0
5.6012 0
5.6012 0.204522
5.6012 3.19536
5.6012 2.53078
5.6012 0.0693362
5.6012 0
5.6012 0
5.60321 0
5.60321 0
5.60321 0
5.60321 0
5.60321 0.186309
5.60321 3.13311
5.60321 2.6017
5.60321 0.0788751
5.60321 0
5.60321 0
5.60521 0
5.60521 0
5.60521 0
5.60521 0
5.60521 0.16921
5.60521 3.06947
5.60521 2.67207
5.60521 0.089251
5.60521 0
5.60521 0
5.60721 0
5.60721 0
5.60721 0
5.60721 0
5.60721 0.153191
5.60721 3.00454
5.60721 2.74177
5.60721 0.100499
5.60721 0
5.60721 0
5.60922 0
5.60922 0
5.60922 0
5.60922 0
5.60922 0.138216
5.60922 2.93843
5.60922 2.8107
5.60922 0.112655
5.60922 0
5.60922 0
5.61122 0
5.61122 0
5.61122 0
5.61122 0
5.61122 0.12425
5.61122 2.87124
5.61122 2.87876
5.61122 0.125753
5.61122 0
5.61122 0
5.61323 0
5.61323 0
5.61323 0
5.61323 0
5.61323 0.111258
5.61323 2.80308
5.61323 2.94583
5.61323 0.139829
5.61323 0
5.61323 0
5.61523 0
5.61523 0
5.61523 0
5.61523 0
5.61523 0.0992052
5.61523 2.73406
5.61523 3.01181
5.61523 0.154918
5.61523 0
5.61523 0
5.61723 0
5.61723 0
5.61723 0
5.61723 0
5.61723 0.0880557
5.61723 2.66428
5.61723 3.07661
5.61723 0.171056
5.61723 0
5.61723 0
5.61924 0
5.61924 0
5.61924 0
5.61924 0
5.61924 0.0777745
5.61924 2.59385
5.61924 3.1401
5.61924 0.188277
5.61924 0
5.61924 0
5.62124 0
5.62124 0
5.62124 0
5.62124 0
5.62124 0.0683265
5.62124 2.52287
5.62124 3.20219
5.62124 0.206616
5.62124 0
5.62124 0
5.62325 0
5.62325 0
5.62325 0
5.62325 0
5.62325 0.0596763
5.62325 2.45145
5.62325 3.26277
5.62325 0.22611
5.62325 0
5.62325 0
5.62525 0
5.62525 0
5.62525 0
5.62525 0
5.62525 0.051789
5.62525 2.37969
5.62525 3.32173
5.62525 0.246792
5.62525 0
5.62525 0
5.62725 0
5.62725 0
5.62725 0
5.62725 0
5.62725 0.0446291
5.62725 2.3077
5.62725 3.37897
5.62725 0.268699
5.62725 0
5.62725 0
5.62926 0
5.62926 0
5.62926 0
5.62926 0
5.62926 0.0381616
5.62926 2.23558
5.62926 3.43439
5.62926 0.291865
5.62926 0
5.62926 0
5.63126 0
5.63126 0
5.63126 0
5.63126 0
5.63126 0.0323512
5.63126 2.16345
5.63126 3.48788
5.63126 0.316326
5.63126 0
5.63126 0
5.63327 0
5.63327 0
5.63327 0
5.63327 0
5.63327 0.0271627
5.63327 2.0914
5.63327 3.53932
5.63327 0.342117
5.63327 0
5.63327 0
5.63527 0
5.63527 0
5.63527 0
5.63527 0
5.63527 0.0225609
5.63527 2.01954
5.63527 3.58862
5.63527 0.369273
5.63527 0
5.63527 0
5.63727 0
5.63727 0
5.63727 0
5.63727 0
5.63727 0.0185106
5.63727 1.94798
5.63727 3.63568
5.63727 0.397829
5.63727 0
5.63727 0
5.63928 0
5.63928 0
5.63928 0
5.63928 0
5.63928 0.0149766
5.63928 1.87683
5.63928 3.68038
5.63928 0.427821
5.63928 0
5.63928 0
5.64128 0
5.64128 0
5.64128 0
5.64128 0
5.64128 0.0119238
5.64128 1.80618
5.64128 3.72262
5.64128 0.459283
5.64128 0
5.64128 0
5.64329 0
5.64329 0
5.64329 0
5.64329 0
5.64329 0.00931679
5.64329 1.73614
5.64329 3.76229
5.64329 0.492251
5.64329 0
5.64329 0
5.64529 0
5.64529 0
5.64529 0
5.64529 0
5.64529 0.00712053
5.64529 1.66683
5.64529 3.79929
5.64529 0.526761
5.64529 0
5.64529 0
5.64729 0
5.64729 0
5.64729 0
5.64729 0
5.64729 0.00529976
5.64729 1.59834
5.64729 3.83351
5.64729 0.562847
5.64729 0
5.64729 0
5.6493 0
5.6493 0
5.6493 0
5.6493 0
5.6493 0.00381929
5.6493 1.53078
5.6493 3.86486
5.6493 0.600544
5.6493 0
5.6493 0
5.6513 0
5.6513 0
5.6513 0
5.6513 0
5.6513 0.0026439
5.6513 1.46426
5.6513 3.89321
5.6513 0.639888
5.6513 0
5.6513 0
5.65331 0
5.65331 0
5.65331 0
5.65331 0
5.65331 0.00173841
5.65331 1.39888
5.65331 3.91847
5.65331 0.680913
5.65331 0
5.65331 0
5.65531 0
5.65531 0
5.65531 0
5.65531 0
5.65531 0.0010676
5.65531 1.33475
5.65531 3.94053
5.65531 0.723656
5.65531 0
5.65531 0
5.65731 0
5.65731 0
5.65731 0
5.65731 0
5.65731 0.000596274
5.65731 1.27197
5.65731 3.95928
5.65731 0.768152
5.65731 0
5.65731 0
5.65932 0
5.65932 0
5.65932 0
5.65932 0
5.65932 0.000289228
5.65932 1.21065
5.65932 3.97463
5.65932 0.814434
5.65932 0
5.65932 0
5.66132 0
5.66132 0
5.66132 0
5.66132 0
5.66132 0.000111258
5.66132 1.15089
5.66132 3.98645
5.66132 0.86254
5.66132 0
5.66132 0
5.66333 0
5.66333 0
5.66333 0
5.66333 0
5.66333 2.71627e-05
5.66333 1.09281
5.66333 3.99466
5.66333 0.912503
5.66333 0
5.66333 0
5.66533 0
5.66533 0
5.66533 0
5.66533 0
5.66533 1.73841e-06
5.66533 1.0365
5.66533 3.99914
5.66533 0.96436
5.66533 0
5.66533 0
5.66733 0
5.66733 0
5.66733 0
5.66733 0
5.66733 0
5.66733 0.982072
5.66733 3.99978
5.66733 1.01814
5.66733 2.17301e-07
5.66733 0
5.66934 0
5.66934 0
5.66934 0
5.66934 0
5.66934 0
5.66934 0.929577
5.66934 3.99657
5.66934 1.07384
5.66934 1.39073e-05
5.66934 0
5.67134 0
5.67134 0
5.67134 0
5.67134 0
5.67134 0
5.67134 0.878986
5.67134 3.9896
5.67134 1.13134
5.67134 7.45343e-05
5.67134 0
5.67335 0
5.67335 0
5.67335 0
5.67335 0
5.67335 0
5.67335 0.830265
5.67335 3.97897
5.67335 1.19055
5.67335 0.000217301
5.67335 0
5.67535 0
5.67535 0
5.67535 0
5.67535 0
5.67535 0
5.67535 0.783379
5.67535 3.96478
5.67535 1.25136
5.67535 0.000477411
5.67535 0
5.67735 0
5.67735 0
5.67735 0
5.67735 0
5.67735 0
5.67735 0.738292
5.67735 3.94715
5.67735 1.31367
5.67735 0.000890066
5.67735 0
5.67936 0
5.67936 0
5.67936 0
5.67936 0
5.67936 0
5.67936 0.694969
5.67936 3.92618
5.67936 1.37736
5.67936 0.00149047
5.67936 0
5.68136 0
5.68136 0
5.68136 0
5.68136 0
5.68136 0
5.68136 0.653374
5.68136 3.90198
5.68136 1.44233
5.68136 0.00231382
5.68136 0
5.68337 0
5.68337 0
5.68337 0
5.68337 0
5.68337 0
5.68337 0.613474
5.68337 3.87464
5.68337 1.50849
5.68337 0.00339533
5.68337 0
5.68537 0
5.68537 0
5.68537 0
5.68537 0
5.68537 0
5.68537 0.575231
5.68537 3.84429
5.68537 1.57571
5.68537 0.0047702
5.68537 0
5.68737 0
5.68737 0
5.68737 0
5.68737 0
5.68737 0
5.68737 0.538613
5.68737 3.81101
5.68737 1.6439
5.68737 0.00647362
5.68737 0
5.68938 0
5.68938 0
5.68938 0
5.68938 0
5.68938 0
5.68938 0.503582
5.68938 3.77492
5.68938 1.71295
5.68938 0.00854081
5.68938 0
5.69138 0
5.69138 0
5.69138 0
5.69138 0
5.69138 0
5.69138 0.470104
5.69138 3.73613
5.69138 1.78276
5.69138 0.011007
5.69138 0
5.69339 0
5.69339 0
5.69339 0
5.69339 0
5.69339 0
5.69339 0.438143
5.69339 3.69474
5.69339 1.85321
5.69339 0.0139073
5.69339 0
5.69539 0
5.69539 0
5.69539 0
5.69539 0
5.69539 0
5.69539 0.407665
5.69539 3.65084
5.69539 1.92421
5.69539 0.017277
5.69539 0
5.69739 0
5.69739 0
5.69739 0
5.69739 0
5.69739 0
5.69739 0.378634
5.69739 3.60456
5.69739 1.99565
5.69739 0.0211512
5.69739 0
5.6994 0
5.6994 0
5.6994 0
5.6994 0
5.6994 0
5.6994 0.351016
5.6994 3.556
5.6994 2.06742
5.6994 0.0255653
5.6994 0
5.7014 0
5.7014 0
5.7014 0
5.7014 0
5.7014 0
5.7014 0.324774
5.7014 3.50526
5.7014 2.13942
5.7014 0.0305543
5.7014 0
5.70341 0
5.70341 0
5.70341 0
5.70341 0
5.70341 0
5.70341 0.299873
5.70341 3.45244
5.70341 2.21153
5.70341 0.0361535
5.70341 0
5.70541 0
5.70541 0
5.70541 0
5.70541 0
5.70541 0
5.70541 0.276279
5.70541 3.39765
5.70541 2.28367
5.70541 0.0423981
5.70541 0
5.70741 0
5.70741 0
5.70741 0
5.70741 0
5.70741 0
5.70741 0.253957
5.70741 3.34101
5.70741 2.35571
5.70741 0.0493232
5.70741 0
5.70942 0
5.70942 0
5.70942 0
5.70942 0
5.70942 0
5.70942 0.23287
5.70942 3.28261
5.70942 2.42756
5.70942 0.0569642
5.70942 0
5.71142 0
5.71142 0
5.71142 0
5.71142 0
5.71142 0
5.71142 0.212984
5.71142 3.22255
5.71142 2.49911
5.71142 0.0653562
5.71142 0
5.71343 0
5.71343 0
5.71343 0
5.71343 0
5.71343 0
5.71343 0.194264
5.71343 3.16096
5.71343 2.57025
5.71343 0.0745343
5.71343 0
5.71543 0
5.71543 0
5.71543 0
5.71543 0
5.71543 0
5.71543 0.176674
5.71543 3.09792
5.71543 2.64087
5.71543 0.0845339
5.71543 0
5.71743 0
5.71743 0
5.71743 0
5.71743 0
5.71743 0
5.71743 0.160179
5.71743 3.03355
5.71743 2.71088
5.71743 0.09539
5.71743 0
5.71944 0
5.71944 0
5.71944 0
5.71944 0
5.71944 0
5.71944 0.144745
5.71944 2.96795
5.71944 2.78017
5.71944 0.107138
5.71944 0
5.72144 0
5.72144 0
5.72144 0
5.72144 0
5.72144 0
5.72144 0.130335
5.72144 2.90123
5.72144 2.84862
5.72144 0.119813
5.72144 0
5.72345 0
5.72345 0
5.72345 0
5.72345 0
5.72345 0
5.72345 0.116914
5.72345 2.83349
5.72345 2.91615
5.72345 0.13345
5.72345 0
5.72545 0
5.72545 0
5.72545 0
5.72545 0
5.72545 0
5.72545 0.104448
5.72545 2.76484
5.72545 2.98263
5.72545 0.148085
5.72545 0
5.72745 0
5.72745 0
5.72745 0
5.72745 0
5.72745 0
5.72745 0.0929017
5.72745 2.69538
5.72745 3.04796
5.72745 0.163752
5.72745 0
5.72946 0
5.72946 0
5.72946 0
5.72946 0
5.72946 0
5.72946 0.082239
5.72946 2.62523
5.72946 3.11205
5.72946 0.180487
5.72946 0
5.73146 0
5.73146 0
5.73146 0
5.73146 0
5.73146 0
5.73146 0.072425
5.73146 2.55448
5.73146 3.17477
5.73146 0.198325
5.73146 0
5.73347 0
5.73347 0
5.73347 0
5.73347 0
5.73347 0
5.73347 0.0634246
5.73347 2.48324
5.73347 3.23604
5.73347 0.217301
5.73347 0
5.73547 0
5.73547 0
5.73547 0
5.73547 0
5.73547 0
5.73547 0.0552026
5.73547 2.41161
5.73547 3.29573
5.73547 0.237451
5.73547 0
5.73747 0
5.73747 0
5.73747 0
5.73747 0
5.73747 0
5.73747 0.0477237
5.73747 2.33971
5.73747 3.35375
5.73747 0.258809
5.73747 0
5.73948 0
5.73948 0
5.73948 0
5.73948 0
5.73948 0
5.73948 0.0409528
5.73948 2.26764
5.73948 3.40999
5.73948 0.281411
5.73948 0
5.74148 0
5.74148 0
5.74148 0
5.74148 0
5.74148 0
5.74148 0.0348547
5.74148 2.1955
5.74148 3.46435
5.74148 0.305293
5.74148 0
5.74349 0
5.74349 0
5.74349 0
5.74349 0
5.74349 0
5.74349 0.0293941
5.74349 2.1234
5.74349 3.51671
5.74349 0.330488
5.74349 0
5.74549 0
5.74549 0
5.74549 0
5.74549 0
5.74549 0
5.74549 0.0245359
5.74549 2.05145
5.74549 3.56698
5.74549 0.357033
5.74549 0
5.74749 0
5.74749 0
5.74749 0
5.74749 0
5.74749 0
5.74749 0.0202449
5.74749 1.97974
5.74749 3.61505
5.74749 0.384962
5.74749 0
5.7495 0
5.7495 0
5.7495 0
5.7495 0
5.7495 0
5.7495 0.0164858
5.7495 1.90839
5.7495 3.66081
5.7495 0.414312
5.7495 0
5.7515 0
5.7515 0
5.7515 0
5.7515 0
5.7515 0
5.7515 0.0132234
5.7515 1.83751
5.7515 3.70415
5.7515 0.445116
5.7515 0
5.75351 0
5.75351 0
5.75351 0
5.75351 0
5.75351 0
5.75351 0.0104226
5.75351 1.76719
5.75351 3.74498
5.75351 0.477411
5.75351 0
5.75551 0
5.75551 0
5.75551 0
5.75551 0
5.75551 0
5.75551 0.00804819
5.75551 1.69754
5.75551 3.78318
5.75551 0.511231
5.75551 0
5.75752 0
5.75752 0
5.75752 0
5.75752 0
5.75752 0
5.75752 0.00606488
5.75752 1.62867
5.75752 3.81865
5.75752 0.546612
5.75752 0
5.75952 0
5.75952 0
5.75952 0
5.75952 0
5.75952 0
5.75952 0.00443752
5.75952 1.56069
5.75952 3.85129
5.75952 0.583588
5.75952 0
5.76152 0
5.76152 0
5.76152 0
5.76152 0
5.76152 0
5.76152 0.00313088
5.76152 1.49369
5.76152 3.88098
5.76152 0.622196
5.76152 0
5.76353 0
5.76353 0
5.76353 0
5.76353 0
5.76353 0
5.76353 0.00210979
5.76353 1.42779
5.76353 3.90763
5.76353 0.66247
5.76353 0
5.76553 0
5.76553 0
5.76553 0
5.76553 0
5.76553 0
5.76553 0.00133902
5.76553 1.36309
5.76553 3.93113
5.76553 0.704445
5.76553 0
5.76754 0
5.76754 0
5.76754 0
5.76754 0
5.76754 0
5.76754 0.000783379
5.76754 1.2997
5.76754 3.95136
5.76754 0.748157
5.76754 0
5.76954 0
5.76954 0
5.76954 0
5.76954 0
5.76954 0
5.76954 0.000407665
5.76954 1.23772
5.76954 3.96824
5.76954 0.793641
5.76954 0
5.77154 0
5.77154 0
5.77154 0
5.77154 0
5.77154 0
5.77154 0.000176674
5.77154 1.17725
5.77154 3.98164
5.77154 0.840932
5.77154 0
5.77355 0
5.77355 0
5.77355 0
5.77355 0
5.77355 0
5.77355 5.52026e-05
5.77355 1.11841
5.77355 3.99147
5.77355 0.890066
5.77355 0
5.77555 0
5.77555 0
5.77555 0
5.77555 0
5.77555 0
5.77555 8.04819e-06
5.77555 1.0613
5.77555 3.99761
5.77555 0.941077
5.77555 0
5.77756 0
5.77756 0
5.77756 0
5.77756 0
5.77756 0
5.77756 8.04819e-09
5.77756 1.00602
5.77756 3.99998
5.77756 0.994
5.77756 0
5.77956 0
5.77956 0
5.77956 0
5.77956 0
5.77956 0
5.77956 0
5.77956 0.952671
5.77956 3.99847
5.77956 1.04885
5.77956 4.12067e-06
5.78156 0
5.78156 0
5.78156 0
5.78156 0
5.78156 0
5.78156 0
5.78156 0.901238
5.78156 3.99315
5.78156 1.10557
5.78156 3.95408e-05
5.78357 0
5.78357 0
5.78357 0
5.78357 0
5.78357 0
5.78357 0
5.78357 0.85169
5.78357 3.98414
5.78357 1.16403
5.78357 0.000141455
5.78557 0
5.78557 0
5.78557 0
5.78557 0
5.78557 0
5.78557 0
5.78557 0.803993
5.78557 3.97152
5.78557 1.22414
5.78557 0.000345066
5.78758 0
5.78758 0
5.78758 0
5.78758 0
5.78758 0
5.78758 0
5.78758 0.758111
5.78758 3.95541
5.78758 1.2858
5.78758 0.000685577
5.78958 0
5.78958 0
5.78958 0
5.78958 0
5.78958 0
5.78958 0
5.78958 0.714008
5.78958 3.93591
5.78958 1.34889
5.78958 0.00119819
5.79158 0
5.79158 0
5.79158 0
5.79158 0
5.79158 0
5.79158 0
5.79158 0.671649
5.79158 3.91313
5.79158 1.4133
5.79158 0.00191811
5.79359 0
5.79359 0
5.79359 0
5.79359 0
5.79359 0
5.79359 0
5.79359 0.631
5.79359 3.88717
5.79359 1.47895
5.79359 0.00288054
5.79559 0
5.79559 0
5.79559 0
5.79559 0
5.79559 0
5.79559 0
5.79559 0.592026
5.79559 3.85815
5.79559 1.54571
5.79559 0.00412067
5.7976 0
5.7976 0
5.7976 0
5.7976 0
5.7976 0
5.7976 0
5.7976 0.554689
5.7976 3.82615
5.7976 1.61348
5.7976 0.00567373
5.7996 0
5.7996 0
5.7996 0
5.7996 0
5.7996 0
5.7996 0
5.7996 0.518957
5.7996 3.7913
5.7996 1.68216
5.7996 0.00757489
5.8016 0
5.8016 0
5.8016 0
5.8016 0
5.8016 0
5.8016 0
5.8016 0.484793
5.8016 3.7537
5.8016 1.75165
5.8016 0.00985938
5.80361 0
5.80361 0
5.80361 0
5.80361 0
5.80361 0
5.80361 0
5.80361 0.452163
5.80361 3.71345
5.80361 1.82183
5.80361 0.0125624
5.80561 0
5.80561 0
5.80561 0
5.80561 0
5.80561 0
5.80561 0
5.80561 0.42103
5.80561 3.67065
5.80561 1.8926
5.80561 0.0157191
5.80762 0
5.80762 0
5.80762 0
5.80762 0
5.80762 0
5.80762 0
5.80762 0.39136
5.80762 3.62542
5.80762 1.96385
5.80762 0.0193648
5.80962 0
5.80962 0
5.80962 0
5.80962 0
5.80962 0
5.80962 0
5.80962 0.363118
5.80962 3.57786
5.80962 2.03549
5.80962 0.0235346
5.81162 0
5.81162 0
5.81162 0
5.81162 0
5.81162 0
5.81162 0
5.81162 0.336269
5.81162 3.52807
5.81162 2.1074
5.81162 0.0282637
5.81363 0
5.81363 0
5.81363 0
5.81363 0
5.81363 0
5.81363 0
5.81363 0.310777
5.81363 3.47616
5.81363 2.17947
5.81363 0.0335874
5.81563 0
5.81563 0
5.81563 0
5.81563 0
5.81563 0
5.81563 0
5.81563 0.286607
5.81563 3.42224
5.81563 2.25161
5.81563 0.0395408
5.81764 0
5.81764 0
5.81764 0
5.81764 0
5.81764 0
5.81764 0
5.81764 0.263723
5.81764 3.36641
5.81764 2.32371
5.81764 0.0461591
5.81964 0
5.81964 0
5.81964 0
5.81964 0
5.81964 0
5.81964 0
5.81964 0.242091
5.81964 3.30877
5.81964 2.39566
5.81964 0.0534776
5.82164 0
5.82164 0
5.82164 0
5.82164 0
5.82164 0
5.82164 0
5.82164 0.221676
5.82164 3.24944
5.82164 2.46735
5.82164 0.0615314
5.82365 0
5.82365 0
5.82365 0
5.82365 0
5.82365 0
5.82365 0
5.82365 0.202442
5.82365 3.18852
5.82365 2.53868
5.82365 0.0703558
5.82565 0
5.82565 0
5.82565 0
5.82565 0
5.82565 0
5.82565 0
5.82565 0.184354
5.82565 3.12611
5.82565 2.60955
5.82565 0.079986
5.82766 0
5.82766 0
5.82766 0
5.82766 0
5.82766 0
5.82766 0
5.82766 0.167377
5.82766 3.06232
5.82766 2.67985
5.82766 0.090457
5.82966 0
5.82966 0
5.82966 0
5.82966 0
5.82966 0
5.82966 0
5.82966 0.151476
5.82966 2.99725
5.82966 2.74947
5.82966 0.101804
5.83166 0
5.83166 0
5.83166 0
5.83166 0
5.83166 0
5.83166 0
5.83166 0.136615
5.83166 2.93101
5.83166 2.81831
5.83166 0.114063
5.83367 0
5.83367 0
5.83367 0
5.83367 0
5.83367 0
5.83367 0
5.83367 0.122759
5.83367 2.86371
5.83367 2.88626
5.83367 0.127268
5.83567 0
5.83567 0
5.83567 0
5.83567 0
5.83567 0
5.83567 0
5.83567 0.109873
5.83567 2.79546
5.83567 2.95322
5.83567 0.141455
5.83768 0
5.83768 0
5.83768 0
5.83768 0
5.83768 0
5.83768 0
5.83768 0.0979224
5.83768 2.72635
5.83768 3.01907
5.83768 0.156659
5.83968 0
5.83968 0
5.83968 0
5.83968 0
5.83968 0
5.83968 0
5.83968 0.0868711
5.83968 2.65649
5.83968 3.08373
5.83968 0.172915
5.84168 0
5.84168 0
5.84168 0
5.84168 0
5.84168 0
5.84168 0
5.84168 0.0766842
5.84168 2.58599
5.84168 3.14707
5.84168 0.190258
5.84369 0
5.84369 0
5.84369 0
5.84369 0
5.84369 0
5.84369 0
5.84369 0.0673266
5.84369 2.51495
5.84369 3.209
5.84369 0.208725
5.84569 0
5.84569 0
5.84569 0
5.84569 0
5.84569 0
5.84569 0
5.84569 0.0587629
5.84569 2.44349
5.84569 3.2694
5.84569 0.228348
5.8477 0
5.8477 0
5.8477 0
5.8477 0
5.8477 0
5.8477 0
5.8477 0.0509581
5.8477 2.3717
5.8477 3.32818
5.8477 0.249165
5.8497 0
5.8497 0
5.8497 0
5.8497 0
5.8497 0
5.8497 0
5.8497 0.0438769
5.8497 2.29969
5.8497 3.38522
5.8497 0.27121
5.8517 0
5.8517 0
5.8517 0
5.8517 0
5.8517 0
5.8517 0
5.8517 0.0374842
5.8517 2.22757
5.8517 3.44043
5.8517 0.294519
5.85371 0
5.85371 0
5.85371 0
5.85371 0
5.85371 0
5.85371 0
5.85371 0.0317446
5.85371 2.15544
5.85371 3.49369
5.85371 0.319125
5.85571 0
5.85571 0
5.85571 0
5.85571 0
5.85571 0
5.85571 0
5.85571 0.026623
5.85571 2.0834
5.85571 3.54491
5.85571 0.345066
5.85772 0
5.85772 0
5.85772 0
5.85772 0
5.85772 0
5.85772 0
5.85772 0.0220842
5.85772 2.01157
5.85772 3.59397
5.85772 0.372376
5.85972 0
5.85972 0
5.85972 0
5.85972 0
5.85972 0
5.85972 0
5.85972 0.0180931
5.85972 1.94005
5.85972 3.64076
5.85972 0.40109
5.86172 0
5.86172 0
5.86172 0
5.86172 0
5.86172 0
5.86172 0
5.86172 0.0146143
5.86172 1.86895
5.86172 3.68519
5.86172 0.431243
5.86373 0
5.86373 0
5.86373 0
5.86373 0
5.86373 0
5.86373 0
5.86373 0.0116127
5.86373 1.79836
5.86373 3.72715
5.86373 0.462871
5.86573 0
5.86573 0
5.86573 0
5.86573 0
5.86573 0
5.86573 0
5.86573 0.00905312
5.86573 1.7284
5.86573 3.76653
5.86573 0.496009
5.86774 0
5.86774 0
5.86774 0
5.86774 0
5.86774 0
5.86774 0
5.86774 0.00690032
5.86774 1.65918
5.86774 3.80323
5.86774 0.530692
5.86974 0
5.86974 0
5.86974 0
5.86974 0
5.86974 0
5.86974 0
5.86974 0.0051191
5.86974 1.59078
5.86974 3.83714
5.86974 0.566955
5.87174 0
5.87174 0
5.87174 0
5.87174 0
5.87174 0
5.87174 0
5.87174 0.00367427
5.87174 1.52334
5.87174 3.86816
5.87174 0.604833
5.87375 0
5.87375 0
5.87375 0
5.87375 0
5.87375 0
5.87375 0
5.87375 0.00253061
5.87375 1.45694
5.87375 3.89617
5.87375 0.644362
5.87575 0
5.87575 0
5.87575 0
5.87575 0
5.87575 0
5.87575 0
5.87575 0.00165293
5.87575 1.39169
5.87575 3.92108
5.87575 0.685577
5.87776 0
5.87776 0
5.87776 0
5.87776 0
5.87776 0
5.87776 0
5.87776 0.00100602
5.87776 1.3277
5.87776 3.94278
5.87776 0.728513
5.87976 0
5.87976 0
5.87976 0
5.87976 0
5.87976 0
5.87976 0
5.87976 0.000554689
5.87976 1.26508
5.87976 3.96116
5.87976 0.773205
5.88176 0
5.88176 0
5.88176 0
5.88176 0
5.88176 0
5.88176 0
5.88176 0.000263723
5.88176 1.20393
5.88176 3.97612
5.88176 0.819689
5.88377 0
5.88377 0
5.88377 0
5.88377 0
5.88377 0
5.88377 0
5.88377 9.79224e-05
5.88377 1.14436
5.88377 3.98755
5.88377 0.867999
5.88577 0
5.88577 0
5.88577 0
5.88577 0
5.88577 0
5.88577 0
5.88577 2.20842e-05
5.88577 1.08646
5.88577 3.99534
5.88577 0.918171
5.88778 0
5.88778 0
5.88778 0
5.88778 0
5.88778 0
5.88778 0
5.88778 1.00602e-06
5.88778 1.03036
5.88778 3.9994
5.88778 0.97024
5.88978 0
5.88978 0
5.88978 0
5.88978 0
5.88978 0
5.88978 0
5.88978 0
5.88978 0.976144
5.88978 3.99962
5.88978 1.02424
5.89178 0
5.89178 0
5.89178 0
5.89178 0
5.89178 0
5.89178 0
5.89178 0
5.89178 0.923862
5.89178 3.99598
5.89178 1.08014
5.89379 0
5.89379 0
5.89379 0
5.89379 0
5.89379 0
5.89379 0
5.89379 0
5.89379 0.873481
5.89379 3.98859
5.89379 1.13784
5.89579 0
5.89579 0
5.89579 0
5.89579 0
5.89579 0
5.89579 0
5.89579 0
5.89579 0.824966
5.89579 3.97756
5.89579 1.19723
5.8978 0
5.8978 0
5.8978 0
5.8978 0
5.8978 0
5.8978 0
5.8978 0
5.8978 0.778281
5.8978 3.96299
5.8978 1.25821
5.8998 0
5.8998 0
5.8998 0
5.8998 0
5.8998 0
5.8998 0
5.8998 0
5.8998 0.733392
5.8998 3.94499
5.8998 1.32068
5.9018 0
5.9018 0
5.9018 0
5.9018 0
5.9018 0
5.9018 0
5.9018 0
5.9018 0.690262
5.9018 3.92365
5.9018 1.38452
5.90381 0
5.90381 0
5.90381 0
5.90381 0
5.90381 0
5.90381 0
5.90381 0
5.90381 0.648858
5.90381 3.89909
5.90381 1.44963
5.90581 0
5.90581 0
5.90581 0
5.90581 0
5.90581 0
5.90581 0
5.90581 0
5.90581 0.609143
5.90581 3.87142
5.90581 1.51591
5.90782 0
5.90782 0
5.90782 0
5.90782 0
5.90782 0
5.90782 0
5.90782 0
5.90782 0.571083
5.90782 3.84073
5.90782 1.58324
5.90982 0
5.90982 0
5.90982 0
5.90982 0
5.90982 0
5.90982 0
5.90982 0
5.90982 0.534642
5.90982 3.80714
5.90982 1.65153
5.91182 0
5.91182 0
5.91182 0
5.91182 0
5.91182 0
5.91182 0
5.91182 0
5.91182 0.499786
5.91182 3.77075
5.91182 1.72067
5.91383 0
5.91383 0
5.91383 0
5.91383 0
5.91383 0
5.91383 0
5.91383 0
5.91383 0.466478
5.91383 3.73166
5.91383 1.79056
5.91583 0
5.91583 0
5.91583 0
5.91583 0
5.91583 0
5.91583 0
5.91583 0
5.91583 0.434684
5.91583 3.68998
5.91583 1.86108
5.91784 0
5.91784 0
5.91784 0
5.91784 0
5.91784 0
5.91784 0
5.91784 0
5.91784 0.404369
5.91784 3.64582
5.91784 1.93213
5.91984 0
5.91984 0
5.91984 0
5.91984 0
5.91984 0
5.91984 0
5.91984 0
5.91984 0.375496
5.91984 3.59928
5.91984 2.00361
5.92184 0
5.92184 0
5.92184 0
5.92184 0
5.92184 0
5.92184 0
5.92184 0
5.92184 0.348032
5.92184 3.55047
5.92184 2.07541
5.92385 0
5.92385 0
5.92385 0
5.92385 0
5.92385 0
5.92385 0
5.92385 0
5.92385 0.321941
5.92385 3.49949
5.92385 2.14743
5.92585 0
5.92585 0
5.92585 0
5.92585 0
5.92585 0
5.92585 0
5.92585 0
5.92585 0.297188
5.92585 3.44645
5.92585 2.21955
5.92786 0
5.92786 0
5.92786 0
5.92786 0
5.92786 0
5.92786 0
5.92786 0
5.92786 0.273737
5.92786 3.39145
5.92786 2.29168
5.92986 0
5.92986 0
5.92986 0
5.92986 0
5.92986 0
5.92986 0
5.92986 0
5.92986 0.251553
5.92986 3.3346
5.92986 2.36371
5.93186 0
5.93186 0
5.93186 0
5.93186 0
5.93186 0
5.93186 0
5.93186 0
5.93186 0.230602
5.93186 3.27601
5.93186 2.43553
5.93387 0
5.93387 0
5.93387 0
5.93387 0
5.93387 0
5.93387 0
5.93387 0
5.93387 0.210847
5.93387 3.21578
5.93387 2.50703
5.93587 0
5.93587 0
5.93587 0
5.93587 0
5.93587 0
5.93587 0
5.93587 0
5.93587 0.192254
5.93587 3.15402
5.93587 2.57812
5.93788 0
5.93788 0
5.93788 0
5.93788 0
5.93788 0
5.93788 0
5.93788 0
5.93788 0.174788
5.93788 3.09083
5.93788 2.64868
5.93988 0
5.93988 0
5.93988 0
5.93988 0
5.93988 0
5.93988 0
5.93988 0
5.93988 0.158413
5.93988 3.02632
5.93988 2.71862
5.94188 0
5.94188 0
5.94188 0
5.94188 0
5.94188 0
5.94188 0
5.94188 0
5.94188 0.143093
5.94188 2.96059
5.94188 2.78782
5.94389 0
5.94389 0
5.94389 0
5.94389 0
5.94389 0
5.94389 0
5.94389 0
5.94389 0.128795
5.94389 2.89375
5.94389 2.85618
5.94589 0
5.94589 0
5.94589 0
5.94589 0
5.94589 0
5.94589 0
5.94589 0
5.94589 0.115483
5.94589 2.8259
5.94589 2.92359
5.9479 0
5.9479 0
5.9479 0
5.9479 0
5.9479 0
5.9479 0
5.9479 0
5.9479 0.103121
5.9479 2.75716
5.9479 2.98995
5.9499 0
5.9499 0
5.9499 0
5.9499 0
5.9499 0
5.9499 0
5.9499 0
5.9499 0.0916739
5.9499 2.68762
5.9499 3.05515
5.9519 0
5.9519 0
5.9519 0
5.9519 0
5.9519 0
5.9519 0
5.9519 0
5.9519 0.0811072
5.9519 2.61739
5.9519 3.11909
5.95391 0
5.95391 0
5.95391 0
5.95391 0
5.95391 0
5.95391 0
5.95391 0
5.95391 0.0713854
5.95391 2.54658
5.95391 3.18165
5.95591 0
5.95591 0
5.95591 0
5.95591 0
5.95591 0
5.95591 0
5.95591 0
5.95591 0.0624732
5.95591 2.4753
5.95591 3.24275
5.95792 0
5.95792 0
5.95792 0
5.95792 0
5.95792 0
5.95792 0
5.95792 0
5.95792 0.0543355
5.95792 2.40364
5.95792 3.30226
5.95992 0
5.95992 0
5.95992 0
5.95992 0
5.95992 0
5.95992 0
5.95992 0
5.95992 0.0469371
5.95992 2.33171
5.95992 3.36009
5.96192 0
5.96192 0
5.96192 0
5.96192 0
5.96192 0
5.96192 0
5.96192 0
5.96192 0.0402427
5.96192 2.25963
5.96192 3.41613
5.96393 0
5.96393 0
5.96393 0
5.96393 0
5.96393 0
5.96393 0
5.96393 0
5.96393 0.0342171
5.96393 2.18749
5.96393 3.47027
5.96593 0
5.96593 0
5.96593 0
5.96593 0
5.96593 0
5.96593 0
5.96593 0
5.96593 0.0288252
5.96593 2.1154
5.96593 3.52241
5.96794 0
5.96794 0
5.96794 0
5.96794 0
5.96794 0
5.96794 0
5.96794 0
5.96794 0.0240318
5.96794 2.04347
5.96794 3.57243
5.96994 0
5.96994 0
5.96994 0
5.96994 0
5.96994 0
5.96994 0
5.96994 0
5.96994 0.0198016
5.96994 1.9718
5.96994 3.62025
5.97194 0
5.97194 0
5.97194 0
5.97194 0
5.97194 0
5.97194 0
5.97194 0
5.97194 0.0160994
5.97194 1.90049
5.97194 3.66575
5.97395 0
5.97395 0
5.97395 0
5.97395 0
5.97395 0
5.97395 0
5.97395 0
5.97395 0.0128901
5.97395 1.82966
5.97395 3.70882
5.97595 0
5.97595 0
5.97595 0
5.97595 0
5.97595 0
5.97595 0
5.97595 0
5.97595 0.0101384
5.97595 1.75941
5.97595 3.74936
5.97796 0
5.97796 0
5.97796 0
5.97796 0
5.97796 0
5.97796 0
5.97796 0
5.97796 0.00780915
5.97796 1.68985
5.97796 3.78726
5.97996 0
5.97996 0
5.97996 0
5.97996 0
5.97996 0
5.97996 0
5.97996 0
5.97996 0.00586713
5.97996 1.62107
5.97996 3.82242
5.98196 0
5.98196 0
5.98196 0
5.98196 0
5.98196 0
5.98196 0
5.98196 0
5.98196 0.00427714
5.98196 1.55319
5.98196 3.85474
5.98397 0
5.98397 0
5.98397 0
5.98397 0
5.98397 0
5.98397 0
5.98397 0
5.98397 0.00300397
5.98397 1.48631
5.98397 3.8841
5.98597 0
5.98597 0
5.98597 0
5.98597 0
5.98597 0
5.98597 0
5.98597 0
5.98597 0.00201243
5.98597 1.42054
5.98597 3.9104
5.98798 0
5.98798 0
5.98798 0
5.98798 0
5.98798 0
5.98798 0
5.98798 0
5.98798 0.0012673
5.98798 1.35598
5.98798 3.93354
5.98998 0
5.98998 0
5.98998 0
5.98998 0
5.98998 0
5.98998 0
5.98998 0
5.98998 0.000733392
5.98998 1.29274
5.98998 3.95341
5.99198 0
5.99198 0
5.99198 0
5.99198 0
5.99198 0
5.99198 0
5.99198 0
5.99198 0.000375496
5.99198 1.23092
5.99198 3.9699
5.99399 0
5.99399 0
5.99399 0
5.99399 0
5.99399 0
5.99399 0
5.99399 0
5.99399 0.000158413
5.99399 1.17063
5.99399 3.98291
5.99599 0
5.99599 0
5.99599 0
5.99599 0
5.99599 0
5.99599 0
5.99599 0
5.99599 4.69371e-05
5.99599 1.11198
5.99599 3.99233
5.998 0
5.998 0
5.998 0
5.998 0
5.998 0
5.998 0
5.998 0
5.998 5.86713e-06
5.998 1.05507
5.998 3.99807
6 0
6 0
6 0
6 0
6 0
6 0
6 0
6 0
6 1
6 4
