0 0.2
4.00802 0.193792
8.01603 0.187686
12.024 0.181671
16.0321 0.175736
20.0401 0.16987
24.0481 0.164063
28.0561 0.158304
32.0641 0.152581
36.0721 0.146884
40.0802 0.141202
44.0882 0.135524
48.0962 0.129839
52.1042 0.124137
56.1122 0.118407
60.1202 0.112708
64.1283 0.107227
68.1363 0.10216
72.1443 0.0976979
76.1523 0.0938892
80.1603 0.0906502
84.1683 0.0878927
88.1764 0.0855287
92.1844 0.08347
96.1924 0.0816285
100.2 0.0799161
104.208 0.0782615
108.216 0.0766515
112.224 0.0750851
116.232 0.0735614
120.24 0.0720797
124.248 0.0706391
128.257 0.0692386
132.265 0.0678774
136.273 0.0665547
140.281 0.0652696
144.289 0.0640213
148.297 0.0628088
152.305 0.0616314
156.313 0.060488
160.321 0.059378
164.329 0.0583004
168.337 0.0572543
172.345 0.056239
176.353 0.0552535
180.361 0.0542969
184.369 0.0533685
188.377 0.0524673
192.385 0.0515925
196.393 0.0507432
200.401 0.0499186
204.409 0.0491179
208.417 0.0483406
212.425 0.0475862
216.433 0.0468544
220.441 0.0461446
224.449 0.0454565
228.457 0.0447896
232.465 0.0441435
236.473 0.0435177
240.481 0.0429118
244.489 0.0423254
248.497 0.041758
252.505 0.0412091
256.513 0.0406785
260.521 0.0401655
264.529 0.0396698
268.537 0.0391909
272.545 0.0387285
276.553 0.038282
280.561 0.037851
284.569 0.0374351
288.577 0.0370338
292.585 0.0366468
296.593 0.0362735
300.601 0.0359135
304.609 0.0355664
308.617 0.0352318
312.625 0.0349092
316.633 0.0345982
320.641 0.0342984
324.649 0.0340092
328.657 0.0337303
332.665 0.0334612
336.673 0.0332015
340.681 0.0329508
344.689 0.0327086
348.697 0.0324744
352.705 0.0322479
356.713 0.0320286
360.721 0.0318161
364.729 0.0316099
368.737 0.0314096
372.745 0.0312147
376.754 0.0310248
380.762 0.0308395
384.77 0.0306584
388.778 0.0304809
392.786 0.0303067
396.794 0.0301354
400.802 0.0299664
404.81 0.0297995
408.818 0.0296346
412.826 0.0294717
416.834 0.0293108
420.842 0.0291518
424.85 0.0289949
428.858 0.0288399
432.866 0.0286868
436.874 0.0285357
440.882 0.0283864
444.89 0.0282391
448.898 0.0280936
452.906 0.02795
456.914 0.0278083
460.922 0.0276684
464.93 0.0275303
468.938 0.0273941
472.946 0.0272596
476.954 0.027127
480.962 0.0269961
484.97 0.0268669
488.978 0.0267396
492.986 0.0266139
496.994 0.02649
501.002 0.0263678
505.01 0.0262472
509.018 0.0261284
513.026 0.0260112
517.034 0.0258956
521.042 0.0257817
525.05 0.0256695
529.058 0.0255588
533.066 0.0254497
537.074 0.0253423
541.082 0.0252363
545.09 0.025132
549.098 0.0250292
553.106 0.0249279
557.114 0.0248281
561.122 0.0247299
565.13 0.0246331
569.138 0.0245378
573.146 0.0244439
577.154 0.0243515
581.162 0.0242606
585.17 0.024171
589.178 0.0240829
593.186 0.0239962
597.194 0.0239108
601.202 0.0238268
605.21 0.0237442
609.218 0.0236628
613.226 0.0235829
617.234 0.0235042
621.242 0.0234268
625.251 0.0233508
629.259 0.0232759
633.267 0.0232024
637.275 0.0231301
641.283 0.023059
645.291 0.0229891
649.299 0.0229205
653.307 0.022853
657.315 0.0227867
661.323 0.0227216
665.331 0.0226576
669.339 0.0225947
673.347 0.022533
677.355 0.0224724
681.363 0.0224128
685.371 0.0223544
689.379 0.022297
693.387 0.0222407
697.395 0.0221854
701.403 0.0221311
705.411 0.0220779
709.419 0.0220256
713.427 0.0219744
717.435 0.0219241
721.443 0.0218747
725.451 0.0218263
729.459 0.0217789
733.467 0.0217323
737.475 0.0216867
741.483 0.021642
745.491 0.0215981
749.499 0.0215551
753.507 0.0215129
757.515 0.0214716
761.523 0.0214311
765.531 0.0213914
769.539 0.0213525
773.547 0.0213144
777.555 0.0212771
781.563 0.0212405
785.571 0.0212046
789.579 0.0211695
793.587 0.0211351
797.595 0.0211014
801.603 0.0210684
805.611 0.021036
809.619 0.0210043
813.627 0.0209733
817.635 0.0209429
821.643 0.0209131
825.651 0.0208839
829.659 0.0208553
833.667 0.0208272
837.675 0.0207998
841.683 0.0207729
845.691 0.0207465
849.699 0.0207207
853.707 0.0206953
857.715 0.0206705
861.723 0.0206461
865.731 0.0206222
869.739 0.0205988
873.747 0.0205758
877.756 0.0205533
881.764 0.0205311
885.772 0.0205094
889.78 0.020488
893.788 0.020467
897.796 0.0204464
901.804 0.0204261
905.812 0.0204062
909.82 0.0203865
913.828 0.0203672
917.836 0.0203482
921.844 0.0203294
925.852 0.0203109
929.86 0.0202927
933.868 0.0202747
937.876 0.0202569
941.884 0.0202394
945.892 0.020222
949.9 0.0202048
953.908 0.0201878
957.916 0.020171
961.924 0.0201542
965.932 0.0201377
969.94 0.0201212
973.948 0.0201048
977.956 0.0200886
981.964 0.0200724
985.972 0.0200562
989.98 0.0200401
993.988 0.0200241
997.996 0.020008
1002 0.019992
1006.01 0.019976
1010.02 0.0199599
1014.03 0.0199439
1018.04 0.0199279
1022.04 0.0199118
1026.05 0.0198958
1030.06 0.0198798
1034.07 0.0198637
1038.08 0.0198477
1042.08 0.0198317
1046.09 0.0198156
1050.1 0.0197996
1054.11 0.0197836
1058.12 0.0197675
1062.12 0.0197515
1066.13 0.0197355
1070.14 0.0197194
1074.15 0.0197034
1078.16 0.0196874
1082.16 0.0196713
1086.17 0.0196553
1090.18 0.0196393
1094.19 0.0196232
1098.2 0.0196072
1102.2 0.0195912
1106.21 0.0195752
1110.22 0.0195591
1114.23 0.0195431
1118.24 0.0195271
1122.24 0.019511
1126.25 0.019495
1130.26 0.019479
1134.27 0.0194629
1138.28 0.0194469
1142.28 0.0194309
1146.29 0.0194148
1150.3 0.0193988
1154.31 0.0193828
1158.32 0.0193667
1162.32 0.0193507
1166.33 0.0193347
1170.34 0.0193186
1174.35 0.0193026
1178.36 0.0192866
1182.36 0.0192705
1186.37 0.0192545
1190.38 0.0192385
1194.39 0.0192224
1198.4 0.0192064
1202.4 0.0191904
1206.41 0.0191743
1210.42 0.0191583
1214.43 0.0191423
1218.44 0.0191263
1222.44 0.0191102
1226.45 0.0190942
1230.46 0.0190782
1234.47 0.0190621
1238.48 0.0190461
1242.48 0.0190301
1246.49 0.019014
1250.5 0.018998
1254.51 0.018982
1258.52 0.0189659
1262.53 0.0189499
1266.53 0.0189339
1270.54 0.0189178
1274.55 0.0189018
1278.56 0.0188858
1282.57 0.0188697
1286.57 0.0188537
1290.58 0.0188377
1294.59 0.0188216
1298.6 0.0188056
1302.61 0.0187896
1306.61 0.0187735
1310.62 0.0187575
1314.63 0.0187415
1318.64 0.0187255
1322.65 0.0187094
1326.65 0.0186934
1330.66 0.0186774
1334.67 0.0186613
1338.68 0.0186453
1342.69 0.0186293
1346.69 0.0186132
1350.7 0.0185972
1354.71 0.0185812
1358.72 0.0185651
1362.73 0.0185491
1366.73 0.0185331
1370.74 0.018517
1374.75 0.018501
1378.76 0.018485
1382.77 0.0184689
1386.77 0.0184529
1390.78 0.0184369
1394.79 0.0184208
1398.8 0.0184048
1402.81 0.0183888
1406.81 0.0183727
1410.82 0.0183567
1414.83 0.0183407
1418.84 0.0183246
1422.85 0.0183086
1426.85 0.0182926
1430.86 0.0182766
1434.87 0.0182605
1438.88 0.0182445
1442.89 0.0182285
1446.89 0.0182124
1450.9 0.0181964
1454.91 0.0181804
1458.92 0.0181643
1462.93 0.0181483
1466.93 0.0181323
1470.94 0.0181162
1474.95 0.0181002
1478.96 0.0180842
1482.97 0.0180681
1486.97 0.0180521
1490.98 0.0180361
1494.99 0.01802
1499 0.018004
1503.01 0.017988
1507.01 0.0179719
1511.02 0.0179559
1515.03 0.0179399
1519.04 0.0179238
1523.05 0.0179078
1527.05 0.0178918
1531.06 0.0178758
1535.07 0.0178597
1539.08 0.0178437
1543.09 0.0178277
1547.09 0.0178116
1551.1 0.0177956
1555.11 0.0177796
1559.12 0.0177635
1563.13 0.0177475
1567.13 0.0177315
1571.14 0.0177154
1575.15 0.0176994
1579.16 0.0176834
1583.17 0.0176673
1587.17 0.0176513
1591.18 0.0176353
1595.19 0.0176192
1599.2 0.0176032
1603.21 0.0175872
1607.21 0.0175711
1611.22 0.0175551
1615.23 0.0175391
1619.24 0.017523
1623.25 0.017507
1627.25 0.017491
1631.26 0.0174749
1635.27 0.0174589
1639.28 0.0174429
1643.29 0.0174269
1647.29 0.0174108
1651.3 0.0173948
1655.31 0.0173788
1659.32 0.0173627
1663.33 0.0173467
1667.33 0.0173307
1671.34 0.0173146
1675.35 0.0172986
1679.36 0.0172826
1683.37 0.0172665
1687.37 0.0172505
1691.38 0.0172345
1695.39 0.0172184
1699.4 0.0172024
1703.41 0.0171864
1707.41 0.0171703
1711.42 0.0171543
1715.43 0.0171383
1719.44 0.0171222
1723.45 0.0171062
1727.45 0.0170902
1731.46 0.0170741
1735.47 0.0170581
1739.48 0.0170421
1743.49 0.0170261
1747.49 0.01701
1751.5 0.016994
1755.51 0.016978
1759.52 0.0169619
1763.53 0.0169459
1767.54 0.0169299
1771.54 0.0169138
1775.55 0.0168978
1779.56 0.0168818
1783.57 0.0168657
1787.58 0.0168497
1791.58 0.0168337
1795.59 0.0168176
1799.6 0.0168016
1803.61 0.0167856
1807.62 0.0167695
1811.62 0.0167535
1815.63 0.0167375
1819.64 0.0167214
1823.65 0.0167054
1827.66 0.0166894
1831.66 0.0166733
1835.67 0.0166573
1839.68 0.0166413
1843.69 0.0166253
1847.7 0.0166092
1851.7 0.0165932
1855.71 0.0165772
1859.72 0.0165611
1863.73 0.0165451
1867.74 0.0165291
1871.74 0.016513
1875.75 0.016497
1879.76 0.016481
1883.77 0.0164649
1887.78 0.0164489
1891.78 0.0164329
1895.79 0.0164168
1899.8 0.0164008
1903.81 0.0163848
1907.82 0.0163687
1911.82 0.0163527
1915.83 0.0163367
1919.84 0.0163206
1923.85 0.0163046
1927.86 0.0162886
1931.86 0.0162725
1935.87 0.0162565
1939.88 0.0162405
1943.89 0.0162244
1947.9 0.0162084
1951.9 0.0161924
1955.91 0.0161764
1959.92 0.0161603
1963.93 0.0161443
1967.94 0.0161283
1971.94 0.0161122
1975.95 0.0160962
1979.96 0.0160802
1983.97 0.0160641
1987.98 0.0160481
1991.98 0.0160321
1995.99 0.016016
2000 0.016
