0 0.2
0.001001 0.199998
0.002002 0.199997
0.003003 0.199995
0.004004 0.199994
0.00500501 0.199992
0.00600601 0.199991
0.00700701 0.199989
0.00800801 0.199987
0.00900901 0.199986
0.01001 0.199984
0.011011 0.199983
0.012012 0.199981
0.013013 0.19998
0.014014 0.199978
0.015015 0.199977
0.016016 0.199975
0.017017 0.199973
0.018018 0.199972
0.019019 0.19997
0.02002 0.199969
0.021021 0.199967
0.022022 0.199966
0.023023 0.199964
0.024024 0.199962
0.025025 0.199961
0.026026 0.199959
0.027027 0.199958
0.028028 0.199956
0.029029 0.199955
0.03003 0.199953
0.031031 0.199952
0.032032 0.19995
0.033033 0.199948
0.034034 0.199947
0.035035 0.199945
0.036036 0.199944
0.037037 0.199942
0.038038 0.199941
0.039039 0.199939
0.04004 0.199937
0.041041 0.199936
0.042042 0.199934
0.043043 0.199933
0.044044 0.199931
0.045045 0.19993
0.046046 0.199928
0.047047 0.199926
0.048048 0.199925
0.049049 0.199923
0.0500501 0.199922
0.0510511 0.19992
0.0520521 0.199919
0.0530531 0.199917
0.0540541 0.199916
0.0550551 0.199914
0.0560561 0.199912
0.0570571 0.199911
0.0580581 0.199909
0.0590591 0.199908
0.0600601 0.199906
0.0610611 0.199905
0.0620621 0.199903
0.0630631 0.199901
0.0640641 0.1999
0.0650651 0.199898
0.0660661 0.199897
0.0670671 0.199895
0.0680681 0.199894
0.0690691 0.199892
0.0700701 0.199891
0.0710711 0.199889
0.0720721 0.199887
0.0730731 0.199886
0.0740741 0.199884
0.0750751 0.199883
0.0760761 0.199881
0.0770771 0.19988
0.0780781 0.199878
0.0790791 0.199876
0.0800801 0.199875
0.0810811 0.199873
0.0820821 0.199872
0.0830831 0.19987
0.0840841 0.199869
0.0850851 0.199867
0.0860861 0.199866
0.0870871 0.199864
0.0880881 0.199862
0.0890891 0.199861
0.0900901 0.199859
0.0910911 0.199858
0.0920921 0.199856
0.0930931 0.199855
0.0940941 0.199853
0.0950951 0.199851
0.0960961 0.19985
0.0970971 0.199848
0.0980981 0.199847
0.0990991 0.199845
0.1001 0.199844
0.101101 0.199842
0.102102 0.19984
0.103103 0.199839
0.104104 0.199837
0.105105 0.199836
0.106106 0.199834
0.107107 0.199833
0.108108 0.199831
0.109109 0.19983
0.11011 0.199828
0.111111 0.199826
0.112112 0.199825
0.113113 0.199823
0.114114 0.199822
0.115115 0.19982
0.116116 0.199819
0.117117 0.199817
0.118118 0.199815
0.119119 0.199814
0.12012 0.199812
0.121121 0.199811
0.122122 0.199809
0.123123 0.199808
0.124124 0.199806
0.125125 0.199805
0.126126 0.199803
0.127127 0.199801
0.128128 0.1998
0.129129 0.199798
0.13013 0.199797
0.131131 0.199795
0.132132 0.199794
0.133133 0.199792
0.134134 0.19979
0.135135 0.199789
0.136136 0.199787
0.137137 0.199786
0.138138 0.199784
0.139139 0.199783
0.14014 0.199781
0.141141 0.19978
0.142142 0.199778
0.143143 0.199776
0.144144 0.199775
0.145145 0.199773
0.146146 0.199772
0.147147 0.19977
0.148148 0.199769
0.149149 0.199767
0.15015 0.199765
0.151151 0.199764
0.152152 0.199762
0.153153 0.199761
0.154154 0.199759
0.155155 0.199758
0.156156 0.199756
0.157157 0.199755
0.158158 0.199753
0.159159 0.199751
0.16016 0.19975
0.161161 0.199748
0.162162 0.199747
0.163163 0.199745
0.164164 0.199744
0.165165 0.199742
0.166166 0.19974
0.167167 0.199739
0.168168 0.199737
0.169169 0.199736
0.17017 0.199734
0.171171 0.199733
0.172172 0.199731
0.173173 0.19973
0.174174 0.199728
0.175175 0.199726
0.176176 0.199725
0.177177 0.199723
0.178178 0.199722
0.179179 0.19972
0.18018 0.199719
0.181181 0.199717
0.182182 0.199715
0.183183 0.199714
0.184184 0.199712
0.185185 0.199711
0.186186 0.199709
0.187187 0.199708
0.188188 0.199706
0.189189 0.199705
0.19019 0.199703
0.191191 0.199701
0.192192 0.1997
0.193193 0.199698
0.194194 0.199697
0.195195 0.199695
0.196196 0.199694
0.197197 0.199692
0.198198 0.19969
0.199199 0.199689
0.2002 0.199687
0.201201 0.199686
0.202202 0.199684
0.203203 0.199683
0.204204 0.199681
0.205205 0.19968
0.206206 0.199678
0.207207 0.199676
0.208208 0.199675
0.209209 0.199673
0.21021 0.199672
0.211211 0.19967
0.212212 0.199669
0.213213 0.199667
0.214214 0.199665
0.215215 0.199664
0.216216 0.199662
0.217217 0.199661
0.218218 0.199659
0.219219 0.199658
0.22022 0.199656
0.221221 0.199654
0.222222 0.199653
0.223223 0.199651
0.224224 0.19965
0.225225 0.199648
0.226226 0.199647
0.227227 0.199645
0.228228 0.199644
0.229229 0.199642
0.23023 0.19964
0.231231 0.199639
0.232232 0.199637
0.233233 0.199636
0.234234 0.199634
0.235235 0.199633
0.236236 0.199631
0.237237 0.199629
0.238238 0.199628
0.239239 0.199626
0.24024 0.199625
0.241241 0.199623
0.242242 0.199622
0.243243 0.19962
0.244244 0.199619
0.245245 0.199617
0.246246 0.199615
0.247247 0.199614
0.248248 0.199612
0.249249 0.199611
0.25025 0.199609
0.251251 0.199608
0.252252 0.199606
0.253253 0.199604
0.254254 0.199603
0.255255 0.199601
0.256256 0.1996
0.257257 0.199598
0.258258 0.199597
0.259259 0.199595
0.26026 0.199594
0.261261 0.199592
0.262262 0.19959
0.263263 0.199589
0.264264 0.199587
0.265265 0.199586
0.266266 0.199584
0.267267 0.199583
0.268268 0.199581
0.269269 0.19958
0.27027 0.199578
0.271271 0.199576
0.272272 0.199575
0.273273 0.199573
0.274274 0.199572
0.275275 0.19957
0.276276 0.199569
0.277277 0.199567
0.278278 0.199565
0.279279 0.199564
0.28028 0.199562
0.281281 0.199561
0.282282 0.199559
0.283283 0.199558
0.284284 0.199556
0.285285 0.199555
0.286286 0.199553
0.287287 0.199551
0.288288 0.19955
0.289289 0.199548
0.29029 0.199547
0.291291 0.199545
0.292292 0.199544
0.293293 0.199542
0.294294 0.19954
0.295295 0.199539
0.296296 0.199537
0.297297 0.199536
0.298298 0.199534
0.299299 0.199533
0.3003 0.199531
0.301301 0.19953
0.302302 0.199528
0.303303 0.199526
0.304304 0.199525
0.305305 0.199523
0.306306 0.199522
0.307307 0.19952
0.308308 0.199519
0.309309 0.199517
0.31031 0.199515
0.311311 0.199514
0.312312 0.199512
0.313313 0.199511
0.314314 0.199509
0.315315 0.199508
0.316316 0.199506
0.317317 0.199505
0.318318 0.199503
0.319319 0.199501
0.32032 0.1995
0.321321 0.199498
0.322322 0.199497
0.323323 0.199495
0.324324 0.199494
0.325325 0.199492
0.326326 0.19949
0.327327 0.199489
0.328328 0.199487
0.329329 0.199486
0.33033 0.199484
0.331331 0.199483
0.332332 0.199481
0.333333 0.19948
0.334334 0.199478
0.335335 0.199476
0.336336 0.199475
0.337337 0.199473
0.338338 0.199472
0.339339 0.19947
0.34034 0.199469
0.341341 0.199467
0.342342 0.199465
0.343343 0.199464
0.344344 0.199462
0.345345 0.199461
0.346346 0.199459
0.347347 0.199458
0.348348 0.199456
0.349349 0.199455
0.35035 0.199453
0.351351 0.199451
0.352352 0.19945
0.353353 0.199448
0.354354 0.199447
0.355355 0.199445
0.356356 0.199444
0.357357 0.199442
0.358358 0.19944
0.359359 0.199439
0.36036 0.199437
0.361361 0.199436
0.362362 0.199434
0.363363 0.199433
0.364364 0.199431
0.365365 0.19943
0.366366 0.199428
0.367367 0.199426
0.368368 0.199425
0.369369 0.199423
0.37037 0.199422
0.371371 0.19942
0.372372 0.199419
0.373373 0.199417
0.374374 0.199416
0.375375 0.199414
0.376376 0.199412
0.377377 0.199411
0.378378 0.199409
0.379379 0.199408
0.38038 0.199406
0.381381 0.199405
0.382382 0.199403
0.383383 0.199401
0.384384 0.1994
0.385385 0.199398
0.386386 0.199397
0.387387 0.199395
0.388388 0.199394
0.389389 0.199392
0.39039 0.199391
0.391391 0.199389
0.392392 0.199387
0.393393 0.199386
0.394394 0.199384
0.395395 0.199383
0.396396 0.199381
0.397397 0.19938
0.398398 0.199378
0.399399 0.199376
0.4004 0.199375
0.401401 0.199373
0.402402 0.199372
0.403403 0.19937
0.404404 0.199369
0.405405 0.199367
0.406406 0.199366
0.407407 0.199364
0.408408 0.199362
0.409409 0.199361
0.41041 0.199359
0.411411 0.199358
0.412412 0.199356
0.413413 0.199355
0.414414 0.199353
0.415415 0.199351
0.416416 0.19935
0.417417 0.199348
0.418418 0.199347
0.419419 0.199345
0.42042 0.199344
0.421421 0.199342
0.422422 0.199341
0.423423 0.199339
0.424424 0.199337
0.425425 0.199336
0.426426 0.199334
0.427427 0.199333
0.428428 0.199331
0.429429 0.19933
0.43043 0.199328
0.431431 0.199327
0.432432 0.199325
0.433433 0.199323
0.434434 0.199322
0.435435 0.19932
0.436436 0.199319
0.437437 0.199317
0.438438 0.199316
0.439439 0.199314
0.44044 0.199312
0.441441 0.199311
0.442442 0.199309
0.443443 0.199308
0.444444 0.199306
0.445445 0.199305
0.446446 0.199303
0.447447 0.199302
0.448448 0.1993
0.449449 0.199298
0.45045 0.199297
0.451451 0.199295
0.452452 0.199294
0.453453 0.199292
0.454454 0.199291
0.455455 0.199289
0.456456 0.199287
0.457457 0.199286
0.458458 0.199284
0.459459 0.199283
0.46046 0.199281
0.461461 0.19928
0.462462 0.199278
0.463463 0.199277
0.464464 0.199275
0.465465 0.199273
0.466466 0.199272
0.467467 0.19927
0.468468 0.199269
0.469469 0.199267
0.47047 0.199266
0.471471 0.199264
0.472472 0.199263
0.473473 0.199261
0.474474 0.199259
0.475475 0.199258
0.476476 0.199256
0.477477 0.199255
0.478478 0.199253
0.479479 0.199252
0.48048 0.19925
0.481481 0.199248
0.482482 0.199247
0.483483 0.199245
0.484484 0.199244
0.485485 0.199242
0.486486 0.199241
0.487487 0.199239
0.488488 0.199238
0.489489 0.199236
0.49049 0.199234
0.491491 0.199233
0.492492 0.199231
0.493493 0.19923
0.494494 0.199228
0.495495 0.199227
0.496496 0.199225
0.497497 0.199223
0.498498 0.199222
0.499499 0.19922
0.500501 0.199219
0.501502 0.199217
0.502503 0.199216
0.503504 0.199214
0.504505 0.199213
0.505506 0.199211
0.506507 0.199209
0.507508 0.199208
0.508509 0.199206
0.50951 0.199205
0.510511 0.199203
0.511512 0.199202
0.512513 0.1992
0.513514 0.199199
0.514515 0.199197
0.515516 0.199195
0.516517 0.199194
0.517518 0.199192
0.518519 0.199191
0.51952 0.199189
0.520521 0.199188
0.521522 0.199186
0.522523 0.199184
0.523524 0.199183
0.524525 0.199181
0.525526 0.19918
0.526527 0.199178
0.527528 0.199177
0.528529 0.199175
0.52953 0.199174
0.530531 0.199172
0.531532 0.19917
0.532533 0.199169
0.533534 0.199167
0.534535 0.199166
0.535536 0.199164
0.536537 0.199163
0.537538 0.199161
0.538539 0.19916
0.53954 0.199158
0.540541 0.199156
0.541542 0.199155
0.542543 0.199153
0.543544 0.199152
0.544545 0.19915
0.545546 0.199149
0.546547 0.199147
0.547548 0.199145
0.548549 0.199144
0.54955 0.199142
0.550551 0.199141
0.551552 0.199139
0.552553 0.199138
0.553554 0.199136
0.554555 0.199135
0.555556 0.199133
0.556557 0.199131
0.557558 0.19913
0.558559 0.199128
0.55956 0.199127
0.560561 0.199125
0.561562 0.199124
0.562563 0.199122
0.563564 0.199121
0.564565 0.199119
0.565566 0.199117
0.566567 0.199116
0.567568 0.199114
0.568569 0.199113
0.56957 0.199111
0.570571 0.19911
0.571572 0.199108
0.572573 0.199106
0.573574 0.199105
0.574575 0.199103
0.575576 0.199102
0.576577 0.1991
0.577578 0.199099
0.578579 0.199097
0.57958 0.199096
0.580581 0.199094
0.581582 0.199092
0.582583 0.199091
0.583584 0.199089
0.584585 0.199088
0.585586 0.199086
0.586587 0.199085
0.587588 0.199083
0.588589 0.199082
0.58959 0.19908
0.590591 0.199078
0.591592 0.199077
0.592593 0.199075
0.593594 0.199074
0.594595 0.199072
0.595596 0.199071
0.596597 0.199069
0.597598 0.199067
0.598599 0.199066
0.5996 0.199064
0.600601 0.199063
0.601602 0.199061
0.602603 0.19906
0.603604 0.199058
0.604605 0.199057
0.605606 0.199055
0.606607 0.199053
0.607608 0.199052
0.608609 0.19905
0.60961 0.199049
0.610611 0.199047
0.611612 0.199046
0.612613 0.199044
0.613614 0.199043
0.614615 0.199041
0.615616 0.199039
0.616617 0.199038
0.617618 0.199036
0.618619 0.199035
0.61962 0.199033
0.620621 0.199032
0.621622 0.19903
0.622623 0.199028
0.623624 0.199027
0.624625 0.199025
0.625626 0.199024
0.626627 0.199022
0.627628 0.199021
0.628629 0.199019
0.62963 0.199018
0.630631 0.199016
0.631632 0.199014
0.632633 0.199013
0.633634 0.199011
0.634635 0.19901
0.635636 0.199008
0.636637 0.199007
0.637638 0.199005
0.638639 0.199004
0.63964 0.199002
0.640641 0.199
0.641642 0.198999
0.642643 0.198997
0.643644 0.198996
0.644645 0.198994
0.645646 0.198993
0.646647 0.198991
0.647648 0.198989
0.648649 0.198988
0.64965 0.198986
0.650651 0.198985
0.651652 0.198983
0.652653 0.198982
0.653654 0.19898
0.654655 0.198979
0.655656 0.198977
0.656657 0.198975
0.657658 0.198974
0.658659 0.198972
0.65966 0.198971
0.660661 0.198969
0.661662 0.198968
0.662663 0.198966
0.663664 0.198965
0.664665 0.198963
0.665666 0.198961
0.666667 0.19896
0.667668 0.198958
0.668669 0.198957
0.66967 0.198955
0.670671 0.198954
0.671672 0.198952
0.672673 0.19895
0.673674 0.198949
0.674675 0.198947
0.675676 0.198946
0.676677 0.198944
0.677678 0.198943
0.678679 0.198941
0.67968 0.19894
0.680681 0.198938
0.681682 0.198936
0.682683 0.198935
0.683684 0.198933
0.684685 0.198932
0.685686 0.19893
0.686687 0.198929
0.687688 0.198927
0.688689 0.198926
0.68969 0.198924
0.690691 0.198922
0.691692 0.198921
0.692693 0.198919
0.693694 0.198918
0.694695 0.198916
0.695696 0.198915
0.696697 0.198913
0.697698 0.198911
0.698699 0.19891
0.6997 0.198908
0.700701 0.198907
0.701702 0.198905
0.702703 0.198904
0.703704 0.198902
0.704705 0.198901
0.705706 0.198899
0.706707 0.198897
0.707708 0.198896
0.708709 0.198894
0.70971 0.198893
0.710711 0.198891
0.711712 0.19889
0.712713 0.198888
0.713714 0.198887
0.714715 0.198885
0.715716 0.198883
0.716717 0.198882
0.717718 0.19888
0.718719 0.198879
0.71972 0.198877
0.720721 0.198876
0.721722 0.198874
0.722723 0.198873
0.723724 0.198871
0.724725 0.198869
0.725726 0.198868
0.726727 0.198866
0.727728 0.198865
0.728729 0.198863
0.72973 0.198862
0.730731 0.19886
0.731732 0.198858
0.732733 0.198857
0.733734 0.198855
0.734735 0.198854
0.735736 0.198852
0.736737 0.198851
0.737738 0.198849
0.738739 0.198848
0.73974 0.198846
0.740741 0.198844
0.741742 0.198843
0.742743 0.198841
0.743744 0.19884
0.744745 0.198838
0.745746 0.198837
0.746747 0.198835
0.747748 0.198834
0.748749 0.198832
0.74975 0.19883
0.750751 0.198829
0.751752 0.198827
0.752753 0.198826
0.753754 0.198824
0.754755 0.198823
0.755756 0.198821
0.756757 0.19882
0.757758 0.198818
0.758759 0.198816
0.75976 0.198815
0.760761 0.198813
0.761762 0.198812
0.762763 0.19881
0.763764 0.198809
0.764765 0.198807
0.765766 0.198805
0.766767 0.198804
0.767768 0.198802
0.768769 0.198801
0.76977 0.198799
0.770771 0.198798
0.771772 0.198796
0.772773 0.198795
0.773774 0.198793
0.774775 0.198791
0.775776 0.19879
0.776777 0.198788
0.777778 0.198787
0.778779 0.198785
0.77978 0.198784
0.780781 0.198782
0.781782 0.198781
0.782783 0.198779
0.783784 0.198777
0.784785 0.198776
0.785786 0.198774
0.786787 0.198773
0.787788 0.198771
0.788789 0.19877
0.78979 0.198768
0.790791 0.198767
0.791792 0.198765
0.792793 0.198763
0.793794 0.198762
0.794795 0.19876
0.795796 0.198759
0.796797 0.198757
0.797798 0.198756
0.798799 0.198754
0.7998 0.198752
0.800801 0.198751
0.801802 0.198749
0.802803 0.198748
0.803804 0.198746
0.804805 0.198745
0.805806 0.198743
0.806807 0.198742
0.807808 0.19874
0.808809 0.198738
0.80981 0.198737
0.810811 0.198735
0.811812 0.198734
0.812813 0.198732
0.813814 0.198731
0.814815 0.198729
0.815816 0.198728
0.816817 0.198726
0.817818 0.198724
0.818819 0.198723
0.81982 0.198721
0.820821 0.19872
0.821822 0.198718
0.822823 0.198717
0.823824 0.198715
0.824825 0.198714
0.825826 0.198712
0.826827 0.19871
0.827828 0.198709
0.828829 0.198707
0.82983 0.198706
0.830831 0.198704
0.831832 0.198703
0.832833 0.198701
0.833834 0.1987
0.834835 0.198698
0.835836 0.198696
0.836837 0.198695
0.837838 0.198693
0.838839 0.198692
0.83984 0.19869
0.840841 0.198689
0.841842 0.198687
0.842843 0.198685
0.843844 0.198684
0.844845 0.198682
0.845846 0.198681
0.846847 0.198679
0.847848 0.198678
0.848849 0.198676
0.84985 0.198675
0.850851 0.198673
0.851852 0.198671
0.852853 0.19867
0.853854 0.198668
0.854855 0.198667
0.855856 0.198665
0.856857 0.198664
0.857858 0.198662
0.858859 0.198661
0.85986 0.198659
0.860861 0.198657
0.861862 0.198656
0.862863 0.198654
0.863864 0.198653
0.864865 0.198651
0.865866 0.19865
0.866867 0.198648
0.867868 0.198647
0.868869 0.198645
0.86987 0.198643
0.870871 0.198642
0.871872 0.19864
0.872873 0.198639
0.873874 0.198637
0.874875 0.198636
0.875876 0.198634
0.876877 0.198633
0.877878 0.198631
0.878879 0.198629
0.87988 0.198628
0.880881 0.198626
0.881882 0.198625
0.882883 0.198623
0.883884 0.198622
0.884885 0.19862
0.885886 0.198618
0.886887 0.198617
0.887888 0.198615
0.888889 0.198614
0.88989 0.198612
0.890891 0.198611
0.891892 0.198609
0.892893 0.198608
0.893894 0.198606
0.894895 0.198604
0.895896 0.198603
0.896897 0.198601
0.897898 0.1986
0.898899 0.198598
0.8999 0.198597
0.900901 0.198595
0.901902 0.198594
0.902903 0.198592
0.903904 0.19859
0.904905 0.198589
0.905906 0.198587
0.906907 0.198586
0.907908 0.198584
0.908909 0.198583
0.90991 0.198581
0.910911 0.19858
0.911912 0.198578
0.912913 0.198576
0.913914 0.198575
0.914915 0.198573
0.915916 0.198572
0.916917 0.19857
0.917918 0.198569
0.918919 0.198567
0.91992 0.198566
0.920921 0.198564
0.921922 0.198562
0.922923 0.198561
0.923924 0.198559
0.924925 0.198558
0.925926 0.198556
0.926927 0.198555
0.927928 0.198553
0.928929 0.198551
0.92993 0.19855
0.930931 0.198548
0.931932 0.198547
0.932933 0.198545
0.933934 0.198544
0.934935 0.198542
0.935936 0.198541
0.936937 0.198539
0.937938 0.198537
0.938939 0.198536
0.93994 0.198534
0.940941 0.198533
0.941942 0.198531
0.942943 0.19853
0.943944 0.198528
0.944945 0.198527
0.945946 0.198525
0.946947 0.198523
0.947948 0.198522
0.948949 0.19852
0.94995 0.198519
0.950951 0.198517
0.951952 0.198516
0.952953 0.198514
0.953954 0.198513
0.954955 0.198511
0.955956 0.198509
0.956957 0.198508
0.957958 0.198506
0.958959 0.198505
0.95996 0.198503
0.960961 0.198502
0.961962 0.1985
0.962963 0.198499
0.963964 0.198497
0.964965 0.198495
0.965966 0.198494
0.966967 0.198492
0.967968 0.198491
0.968969 0.198489
0.96997 0.198488
0.970971 0.198486
0.971972 0.198485
0.972973 0.198483
0.973974 0.198481
0.974975 0.19848
0.975976 0.198478
0.976977 0.198477
0.977978 0.198475
0.978979 0.198474
0.97998 0.198472
0.980981 0.198471
0.981982 0.198469
0.982983 0.198467
0.983984 0.198466
0.984985 0.198464
0.985986 0.198463
0.986987 0.198461
0.987988 0.19846
0.988989 0.198458
0.98999 0.198456
0.990991 0.198455
0.991992 0.198453
0.992993 0.198452
0.993994 0.19845
0.994995 0.198449
0.995996 0.198447
0.996997 0.198446
0.997998 0.198444
0.998999 0.198442
1 0.198441
