0 1200
0.001 1185.94
0.002 1172.08
0.003 1158.4
0.004 1144.92
0.005 1131.62
0.006 1118.5
0.007 1105.57
0.008 1092.82
0.009 1080.24
0.01 1067.83
0.011 1055.6
0.012 1043.53
0.013 1031.64
0.014 1019.9
0.015 1008.33
0.016 996.924
0.017 985.673
0.018 974.577
0.019 963.635
0.02 952.845
0.021 942.204
0.022 931.712
0.023 921.365
0.024 911.161
0.025 901.1
0.026 891.178
0.027 881.395
0.028 871.747
0.029 862.234
0.03 852.853
0.031 843.602
0.032 834.481
0.033 825.486
0.034 816.617
0.035 807.872
0.036 799.248
0.037 790.745
0.038 782.36
0.039 774.093
0.04 765.941
0.041 757.902
0.042 749.977
0.043 742.162
0.044 734.456
0.045 726.858
0.046 719.366
0.047 711.979
0.048 704.696
0.049 697.514
0.05 690.434
0.051 683.452
0.052 676.568
0.053 669.781
0.054 663.089
0.055 656.491
0.056 649.986
0.057 643.571
0.058 637.247
0.059 631.012
0.06 624.865
0.061 618.804
0.062 612.828
0.063 606.936
0.064 601.127
0.065 595.4
0.066 589.753
0.067 584.186
0.068 578.698
0.069 573.287
0.07 567.952
0.071 562.692
0.072 557.506
0.073 552.394
0.074 547.354
0.075 542.385
0.076 537.486
0.077 532.656
0.078 527.895
0.079 523.2
0.08 518.573
0.081 514.01
0.082 509.512
0.083 505.078
0.084 500.707
0.085 496.397
0.086 492.149
0.087 487.96
0.088 483.831
0.089 479.761
0.09 475.748
0.091 471.792
0.092 467.892
0.093 464.048
0.094 460.258
0.095 456.522
0.096 452.838
0.097 449.208
0.098 445.628
0.099 442.1
0.1 438.622
0.101 435.193
0.102 431.813
0.103 428.481
0.104 425.196
0.105 421.958
0.106 418.767
0.107 415.62
0.108 412.519
0.109 409.461
0.11 406.447
0.111 403.477
0.112 400.548
0.113 397.661
0.114 394.815
0.115 392.01
0.116 389.245
0.117 386.52
0.118 383.833
0.119 381.184
0.12 378.574
0.121 376
0.122 373.464
0.123 370.963
0.124 368.499
0.125 366.069
0.126 363.675
0.127 361.314
0.128 358.987
0.129 356.694
0.13 354.433
0.131 352.205
0.132 350.008
0.133 347.843
0.134 345.709
0.135 343.606
0.136 341.532
0.137 339.489
0.138 337.474
0.139 335.489
0.14 333.532
0.141 331.602
0.142 329.701
0.143 327.827
0.144 325.98
0.145 324.159
0.146 322.364
0.147 320.595
0.148 318.851
0.149 317.133
0.15 315.439
0.151 313.769
0.152 312.124
0.153 310.502
0.154 308.903
0.155 307.327
0.156 305.774
0.157 304.243
0.158 302.734
0.159 301.247
0.16 299.782
0.161 298.337
0.162 296.913
0.163 295.509
0.164 294.126
0.165 292.763
0.166 291.419
0.167 290.094
0.168 288.789
0.169 287.502
0.17 286.234
0.171 284.984
0.172 283.752
0.173 282.538
0.174 281.342
0.175 280.162
0.176 279
0.177 277.854
0.178 276.725
0.179 275.612
0.18 274.515
0.181 273.434
0.182 272.368
0.183 271.318
0.184 270.283
0.185 269.263
0.186 268.257
0.187 267.266
0.188 266.29
0.189 265.327
0.19 264.378
0.191 263.443
0.192 262.522
0.193 261.614
0.194 260.719
0.195 259.836
0.196 258.967
0.197 258.11
0.198 257.265
0.199 256.433
0.2 255.613
0.201 254.804
0.202 254.007
0.203 253.222
0.204 252.448
0.205 251.685
0.206 250.933
0.207 250.192
0.208 249.462
0.209 248.742
0.21 248.033
0.211 247.334
0.212 246.645
0.213 245.966
0.214 245.296
0.215 244.637
0.216 243.987
0.217 243.346
0.218 242.715
0.219 242.092
0.22 241.479
0.221 240.875
0.222 240.279
0.223 239.692
0.224 239.114
0.225 238.543
0.226 237.981
0.227 237.428
0.228 236.882
0.229 236.344
0.23 235.814
0.231 235.291
0.232 234.776
0.233 234.269
0.234 233.769
0.235 233.276
0.236 232.79
0.237 232.311
0.238 231.839
0.239 231.374
0.24 230.916
0.241 230.465
0.242 230.02
0.243 229.581
0.244 229.149
0.245 228.723
0.246 228.303
0.247 227.889
0.248 227.481
0.249 227.079
0.25 226.683
0.251 226.293
0.252 225.908
0.253 225.529
0.254 225.155
0.255 224.787
0.256 224.424
0.257 224.066
0.258 223.714
0.259 223.367
0.26 223.024
0.261 222.687
0.262 222.354
0.263 222.027
0.264 221.704
0.265 221.386
0.266 221.072
0.267 220.763
0.268 220.458
0.269 220.158
0.27 219.862
0.271 219.571
0.272 219.283
0.273 219
0.274 218.721
0.275 218.446
0.276 218.175
0.277 217.908
0.278 217.645
0.279 217.385
0.28 217.13
0.281 216.878
0.282 216.629
0.283 216.385
0.284 216.143
0.285 215.906
0.286 215.671
0.287 215.441
0.288 215.213
0.289 214.989
0.29 214.768
0.291 214.55
0.292 214.336
0.293 214.124
0.294 213.916
0.295 213.71
0.296 213.508
0.297 213.309
0.298 213.112
0.299 212.918
0.3 212.727
0.301 212.539
0.302 212.354
0.303 212.171
0.304 211.991
0.305 211.814
0.306 211.639
0.307 211.466
0.308 211.296
0.309 211.129
0.31 210.964
0.311 210.801
0.312 210.641
0.313 210.483
0.314 210.328
0.315 210.174
0.316 210.023
0.317 209.874
0.318 209.728
0.319 209.583
0.32 209.44
0.321 209.3
0.322 209.161
0.323 209.025
0.324 208.891
0.325 208.758
0.326 208.627
0.327 208.499
0.328 208.372
0.329 208.247
0.33 208.124
0.331 208.002
0.332 207.883
0.333 207.765
0.334 207.649
0.335 207.534
0.336 207.421
0.337 207.31
0.338 207.201
0.339 207.093
0.34 206.986
0.341 206.881
0.342 206.778
0.343 206.676
0.344 206.576
0.345 206.477
0.346 206.379
0.347 206.283
0.348 206.189
0.349 206.095
0.35 206.003
0.351 205.913
0.352 205.823
0.353 205.735
0.354 205.649
0.355 205.563
0.356 205.479
0.357 205.396
0.358 205.314
0.359 205.234
0.36 205.154
0.361 205.076
0.362 204.999
0.363 204.923
0.364 204.848
0.365 204.774
0.366 204.701
0.367 204.629
0.368 204.559
0.369 204.489
0.37 204.42
0.371 204.353
0.372 204.286
0.373 204.22
0.374 204.156
0.375 204.092
0.376 204.029
0.377 203.967
0.378 203.906
0.379 203.846
0.38 203.786
0.381 203.728
0.382 203.67
0.383 203.614
0.384 203.558
0.385 203.503
0.386 203.448
0.387 203.395
0.388 203.342
0.389 203.29
0.39 203.239
0.391 203.188
0.392 203.138
0.393 203.089
0.394 203.041
0.395 202.993
0.396 202.947
0.397 202.9
0.398 202.855
0.399 202.81
0.4 202.766
0.401 202.722
0.402 202.679
0.403 202.637
0.404 202.595
0.405 202.554
0.406 202.513
0.407 202.473
0.408 202.434
0.409 202.395
0.41 202.357
0.411 202.319
0.412 202.282
0.413 202.245
0.414 202.209
0.415 202.174
0.416 202.139
0.417 202.104
0.418 202.07
0.419 202.037
0.42 202.004
0.421 201.971
0.422 201.939
0.423 201.907
0.424 201.876
0.425 201.845
0.426 201.815
0.427 201.785
0.428 201.756
0.429 201.727
0.43 201.698
0.431 201.67
0.432 201.643
0.433 201.615
0.434 201.588
0.435 201.562
0.436 201.536
0.437 201.51
0.438 201.484
0.439 201.459
0.44 201.435
0.441 201.41
0.442 201.386
0.443 201.363
0.444 201.34
0.445 201.317
0.446 201.294
0.447 201.272
0.448 201.25
0.449 201.228
0.45 201.207
0.451 201.186
0.452 201.165
0.453 201.145
0.454 201.125
0.455 201.105
0.456 201.085
0.457 201.066
0.458 201.047
0.459 201.029
0.46 201.01
0.461 200.992
0.462 200.974
0.463 200.957
0.464 200.939
0.465 200.922
0.466 200.905
0.467 200.889
0.468 200.872
0.469 200.856
0.47 200.84
0.471 200.824
0.472 200.809
0.473 200.794
0.474 200.779
0.475 200.764
0.476 200.749
0.477 200.735
0.478 200.721
0.479 200.707
0.48 200.693
0.481 200.68
0.482 200.666
0.483 200.653
0.484 200.64
0.485 200.628
0.486 200.615
0.487 200.603
0.488 200.59
0.489 200.578
0.49 200.566
0.491 200.555
0.492 200.543
0.493 200.532
0.494 200.521
0.495 200.51
0.496 200.499
0.497 200.488
0.498 200.477
0.499 200.467
0.5 200.457
0.501 200.447
0.502 200.437
0.503 200.427
0.504 200.417
0.505 200.408
0.506 200.398
0.507 200.389
0.508 200.38
0.509 200.371
0.51 200.362
0.511 200.353
0.512 200.345
0.513 200.336
0.514 200.328
0.515 200.32
0.516 200.312
0.517 200.304
0.518 200.296
0.519 200.288
0.52 200.28
0.521 200.273
0.522 200.265
0.523 200.258
0.524 200.251
0.525 200.244
0.526 200.237
0.527 200.23
0.528 200.223
0.529 200.216
0.53 200.21
0.531 200.203
0.532 200.197
0.533 200.19
0.534 200.184
0.535 200.178
0.536 200.172
0.537 200.166
0.538 200.16
0.539 200.154
0.54 200.149
0.541 200.143
0.542 200.137
0.543 200.132
0.544 200.126
0.545 200.121
0.546 200.116
0.547 200.111
0.548 200.106
0.549 200.101
0.55 200.096
0.551 200.091
0.552 200.086
0.553 200.081
0.554 200.077
0.555 200.072
0.556 200.068
0.557 200.063
0.558 200.059
0.559 200.054
0.56 200.05
0.561 200.046
0.562 200.042
0.563 200.038
0.564 200.034
0.565 200.03
0.566 200.026
0.567 200.022
0.568 200.018
0.569 200.014
0.57 200.011
0.571 200.007
0.572 200.004
0.573 200
0.574 199.997
0.575 199.993
0.576 199.99
0.577 199.986
0.578 199.983
0.579 199.98
0.58 199.977
0.581 199.974
0.582 199.971
0.583 199.968
0.584 199.965
0.585 199.962
0.586 199.959
0.587 199.956
0.588 199.953
0.589 199.95
0.59 199.947
0.591 199.945
0.592 199.942
0.593 199.939
0.594 199.937
0.595 199.934
0.596 199.932
0.597 199.929
0.598 199.927
0.599 199.924
0.6 199.922
0.601 199.92
0.602 199.917
0.603 199.915
0.604 199.913
0.605 199.911
0.606 199.908
0.607 199.906
0.608 199.904
0.609 199.902
0.61 199.9
0.611 199.898
0.612 199.896
0.613 199.894
0.614 199.892
0.615 199.89
0.616 199.888
0.617 199.887
0.618 199.885
0.619 199.883
0.62 199.881
0.621 199.879
0.622 199.878
0.623 199.876
0.624 199.874
0.625 199.873
0.626 199.871
0.627 199.869
0.628 199.868
0.629 199.866
0.63 199.865
0.631 199.863
0.632 199.862
0.633 199.86
0.634 199.859
0.635 199.857
0.636 199.856
0.637 199.855
0.638 199.853
0.639 199.852
0.64 199.851
0.641 199.849
0.642 199.848
0.643 199.847
0.644 199.846
0.645 199.844
0.646 199.843
0.647 199.842
0.648 199.841
0.649 199.84
0.65 199.838
0.651 199.837
0.652 199.836
0.653 199.835
0.654 199.834
0.655 199.833
0.656 199.832
0.657 199.831
0.658 199.83
0.659 199.829
0.66 199.828
0.661 199.827
0.662 199.826
0.663 199.825
0.664 199.824
0.665 199.823
0.666 199.822
0.667 199.821
0.668 199.82
0.669 199.82
0.67 199.819
0.671 199.818
0.672 199.817
0.673 199.816
0.674 199.815
0.675 199.815
0.676 199.814
0.677 199.813
0.678 199.812
0.679 199.812
0.68 199.811
0.681 199.81
0.682 199.809
0.683 199.809
0.684 199.808
0.685 199.807
0.686 199.807
0.687 199.806
0.688 199.805
0.689 199.805
0.69 199.804
0.691 199.803
0.692 199.803
0.693 199.802
0.694 199.802
0.695 199.801
0.696 199.8
0.697 199.8
0.698 199.799
0.699 199.799
0.7 199.798
0.701 199.798
0.702 199.797
0.703 199.797
0.704 199.796
0.705 199.796
0.706 199.795
0.707 199.795
0.708 199.794
0.709 199.794
0.71 199.793
0.711 199.793
0.712 199.792
0.713 199.792
0.714 199.791
0.715 199.791
0.716 199.79
0.717 199.79
0.718 199.79
0.719 199.789
0.72 199.789
0.721 199.788
0.722 199.788
0.723 199.787
0.724 199.787
0.725 199.787
0.726 199.786
0.727 199.786
0.728 199.786
0.729 199.785
0.73 199.785
0.731 199.785
0.732 199.784
0.733 199.784
0.734 199.784
0.735 199.783
0.736 199.783
0.737 199.783
0.738 199.782
0.739 199.782
0.74 199.782
0.741 199.781
0.742 199.781
0.743 199.781
0.744 199.78
0.745 199.78
0.746 199.78
0.747 199.78
0.748 199.779
0.749 199.779
0.75 199.779
0.751 199.779
0.752 199.778
0.753 199.778
0.754 199.778
0.755 199.778
0.756 199.777
0.757 199.777
0.758 199.777
0.759 199.777
0.76 199.776
0.761 199.776
0.762 199.776
0.763 199.776
0.764 199.775
0.765 199.775
0.766 199.775
0.767 199.775
0.768 199.775
0.769 199.774
0.77 199.774
0.771 199.774
0.772 199.774
0.773 199.774
0.774 199.773
0.775 199.773
0.776 199.773
0.777 199.773
0.778 199.773
0.779 199.773
0.78 199.772
0.781 199.772
0.782 199.772
0.783 199.772
0.784 199.772
0.785 199.772
0.786 199.771
0.787 199.771
0.788 199.771
0.789 199.771
0.79 199.771
0.791 199.771
0.792 199.771
0.793 199.77
0.794 199.77
0.795 199.77
0.796 199.77
0.797 199.77
0.798 199.77
0.799 199.77
0.8 199.769
0.801 199.769
0.802 199.769
0.803 199.769
0.804 199.769
0.805 199.769
0.806 199.769
0.807 199.769
0.808 199.769
0.809 199.768
0.81 199.768
0.811 199.768
0.812 199.768
0.813 199.768
0.814 199.768
0.815 199.768
0.816 199.768
0.817 199.768
0.818 199.767
0.819 199.767
0.82 199.767
0.821 199.767
0.822 199.767
0.823 199.767
0.824 199.767
0.825 199.767
0.826 199.767
0.827 199.767
0.828 199.767
0.829 199.766
0.83 199.766
0.831 199.766
0.832 199.766
0.833 199.766
0.834 199.766
0.835 199.766
0.836 199.766
0.837 199.766
0.838 199.766
0.839 199.766
0.84 199.766
0.841 199.766
0.842 199.765
0.843 199.765
0.844 199.765
0.845 199.765
0.846 199.765
0.847 199.765
0.848 199.765
0.849 199.765
0.85 199.765
0.851 199.765
0.852 199.765
0.853 199.765
0.854 199.765
0.855 199.765
0.856 199.765
0.857 199.765
0.858 199.765
0.859 199.764
0.86 199.764
0.861 199.764
0.862 199.764
0.863 199.764
0.864 199.764
0.865 199.764
0.866 199.764
0.867 199.764
0.868 199.764
0.869 199.764
0.87 199.764
0.871 199.764
0.872 199.764
0.873 199.764
0.874 199.764
0.875 199.764
0.876 199.764
0.877 199.764
0.878 199.764
0.879 199.764
0.88 199.763
0.881 199.763
0.882 199.763
0.883 199.763
0.884 199.763
0.885 199.763
0.886 199.763
0.887 199.763
0.888 199.763
0.889 199.763
0.89 199.763
0.891 199.763
0.892 199.763
0.893 199.763
0.894 199.763
0.895 199.763
0.896 199.763
0.897 199.763
0.898 199.763
0.899 199.763
0.9 199.763
0.901 199.763
0.902 199.763
0.903 199.763
0.904 199.763
0.905 199.763
0.906 199.763
0.907 199.763
0.908 199.763
0.909 199.763
0.91 199.763
0.911 199.763
0.912 199.762
0.913 199.762
0.914 199.762
0.915 199.762
0.916 199.762
0.917 199.762
0.918 199.762
0.919 199.762
0.92 199.762
0.921 199.762
0.922 199.762
0.923 199.762
0.924 199.762
0.925 199.762
0.926 199.762
0.927 199.762
0.928 199.762
0.929 199.762
0.93 199.762
0.931 199.762
0.932 199.762
0.933 199.762
0.934 199.762
0.935 199.762
0.936 199.762
0.937 199.762
0.938 199.762
0.939 199.762
0.94 199.762
0.941 199.762
0.942 199.762
0.943 199.762
0.944 199.762
0.945 199.762
0.946 199.762
0.947 199.762
0.948 199.762
0.949 199.762
0.95 199.762
0.951 199.762
0.952 199.762
0.953 199.762
0.954 199.762
0.955 199.762
0.956 199.762
0.957 199.762
0.958 199.762
0.959 199.762
0.96 199.762
0.961 199.762
0.962 199.762
0.963 199.762
0.964 199.762
0.965 199.762
0.966 199.762
0.967 199.762
0.968 199.762
0.969 199.762
0.97 199.762
0.971 199.762
0.972 199.762
0.973 199.762
0.974 199.761
0.975 199.761
0.976 199.761
0.977 199.761
0.978 199.761
0.979 199.761
0.98 199.761
0.981 199.761
0.982 199.761
0.983 199.761
0.984 199.761
0.985 199.761
0.986 199.761
0.987 199.761
0.988 199.761
0.989 199.761
0.99 199.761
0.991 199.761
0.992 199.761
0.993 199.761
0.994 199.761
0.995 199.761
0.996 199.761
0.997 199.761
0.998 199.761
0.999 199.761
1 199.761
