0 65
0.001 66.5916
0.002 68.1664
0.003 69.7243
0.004 71.2657
0.005 72.7907
0.006 74.2994
0.007 75.7921
0.008 77.2688
0.009 78.7298
0.01 80.1752
0.011 81.6051
0.012 83.0198
0.013 84.4193
0.014 85.8038
0.015 87.1735
0.016 88.5285
0.017 89.8689
0.018 91.195
0.019 92.5067
0.02 93.8043
0.021 95.0879
0.022 96.3577
0.023 97.6137
0.024 98.8561
0.025 100.085
0.026 101.301
0.027 102.503
0.028 103.692
0.029 104.869
0.03 106.032
0.031 107.183
0.032 108.321
0.033 109.447
0.034 110.56
0.035 111.661
0.036 112.75
0.037 113.827
0.038 114.892
0.039 115.945
0.04 116.986
0.041 118.016
0.042 119.035
0.043 120.042
0.044 121.038
0.045 122.023
0.046 122.996
0.047 123.959
0.048 124.911
0.049 125.852
0.05 126.783
0.051 127.703
0.052 128.613
0.053 129.512
0.054 130.401
0.055 131.28
0.056 132.149
0.057 133.008
0.058 133.857
0.059 134.697
0.06 135.527
0.061 136.347
0.062 137.158
0.063 137.959
0.064 138.751
0.065 139.534
0.066 140.308
0.067 141.073
0.068 141.829
0.069 142.576
0.07 143.314
0.071 144.044
0.072 144.765
0.073 145.477
0.074 146.181
0.075 146.877
0.076 147.565
0.077 148.244
0.078 148.916
0.079 149.579
0.08 150.234
0.081 150.882
0.082 151.522
0.083 152.154
0.084 152.779
0.085 153.396
0.086 154.005
0.087 154.608
0.088 155.203
0.089 155.79
0.09 156.371
0.091 156.944
0.092 157.511
0.093 158.071
0.094 158.623
0.095 159.169
0.096 159.709
0.097 160.241
0.098 160.767
0.099 161.287
0.1 161.8
0.101 162.307
0.102 162.808
0.103 163.302
0.104 163.79
0.105 164.272
0.106 164.748
0.107 165.218
0.108 165.682
0.109 166.141
0.11 166.594
0.111 167.04
0.112 167.482
0.113 167.917
0.114 168.348
0.115 168.772
0.116 169.192
0.117 169.606
0.118 170.015
0.119 170.418
0.12 170.817
0.121 171.21
0.122 171.598
0.123 171.982
0.124 172.36
0.125 172.733
0.126 173.102
0.127 173.466
0.128 173.825
0.129 174.18
0.13 174.53
0.131 174.876
0.132 175.217
0.133 175.553
0.134 175.885
0.135 176.213
0.136 176.537
0.137 176.856
0.138 177.171
0.139 177.483
0.14 177.79
0.141 178.093
0.142 178.391
0.143 178.687
0.144 178.978
0.145 179.265
0.146 179.548
0.147 179.828
0.148 180.104
0.149 180.377
0.15 180.646
0.151 180.911
0.152 181.172
0.153 181.431
0.154 181.685
0.155 181.937
0.156 182.185
0.157 182.429
0.158 182.671
0.159 182.909
0.16 183.144
0.161 183.376
0.162 183.605
0.163 183.83
0.164 184.053
0.165 184.273
0.166 184.489
0.167 184.703
0.168 184.914
0.169 185.122
0.17 185.327
0.171 185.529
0.172 185.729
0.173 185.926
0.174 186.12
0.175 186.312
0.176 186.501
0.177 186.687
0.178 186.871
0.179 187.052
0.18 187.231
0.181 187.408
0.182 187.582
0.183 187.753
0.184 187.923
0.185 188.09
0.186 188.254
0.187 188.417
0.188 188.577
0.189 188.735
0.19 188.891
0.191 189.045
0.192 189.196
0.193 189.346
0.194 189.493
0.195 189.638
0.196 189.782
0.197 189.923
0.198 190.062
0.199 190.2
0.2 190.336
0.201 190.469
0.202 190.601
0.203 190.731
0.204 190.859
0.205 190.986
0.206 191.11
0.207 191.233
0.208 191.355
0.209 191.474
0.21 191.592
0.211 191.708
0.212 191.823
0.213 191.936
0.214 192.047
0.215 192.157
0.216 192.266
0.217 192.372
0.218 192.478
0.219 192.582
0.22 192.684
0.221 192.785
0.222 192.884
0.223 192.983
0.224 193.079
0.225 193.175
0.226 193.269
0.227 193.362
0.228 193.453
0.229 193.543
0.23 193.632
0.231 193.72
0.232 193.806
0.233 193.891
0.234 193.975
0.235 194.058
0.236 194.14
0.237 194.22
0.238 194.3
0.239 194.378
0.24 194.455
0.241 194.531
0.242 194.606
0.243 194.68
0.244 194.753
0.245 194.824
0.246 194.895
0.247 194.965
0.248 195.034
0.249 195.102
0.25 195.169
0.251 195.234
0.252 195.299
0.253 195.363
0.254 195.427
0.255 195.489
0.256 195.55
0.257 195.611
0.258 195.67
0.259 195.729
0.26 195.787
0.261 195.844
0.262 195.901
0.263 195.956
0.264 196.011
0.265 196.065
0.266 196.118
0.267 196.17
0.268 196.222
0.269 196.273
0.27 196.323
0.271 196.373
0.272 196.421
0.273 196.469
0.274 196.517
0.275 196.564
0.276 196.61
0.277 196.655
0.278 196.7
0.279 196.744
0.28 196.787
0.281 196.83
0.282 196.872
0.283 196.914
0.284 196.955
0.285 196.996
0.286 197.035
0.287 197.075
0.288 197.113
0.289 197.152
0.29 197.189
0.291 197.226
0.292 197.263
0.293 197.299
0.294 197.335
0.295 197.37
0.296 197.404
0.297 197.438
0.298 197.472
0.299 197.505
0.3 197.537
0.301 197.569
0.302 197.601
0.303 197.632
0.304 197.663
0.305 197.693
0.306 197.723
0.307 197.753
0.308 197.782
0.309 197.81
0.31 197.838
0.311 197.866
0.312 197.893
0.313 197.92
0.314 197.947
0.315 197.973
0.316 197.999
0.317 198.025
0.318 198.05
0.319 198.074
0.32 198.099
0.321 198.123
0.322 198.147
0.323 198.17
0.324 198.193
0.325 198.216
0.326 198.238
0.327 198.26
0.328 198.282
0.329 198.303
0.33 198.324
0.331 198.345
0.332 198.365
0.333 198.386
0.334 198.405
0.335 198.425
0.336 198.444
0.337 198.463
0.338 198.482
0.339 198.501
0.34 198.519
0.341 198.537
0.342 198.555
0.343 198.572
0.344 198.589
0.345 198.606
0.346 198.623
0.347 198.64
0.348 198.656
0.349 198.672
0.35 198.688
0.351 198.703
0.352 198.718
0.353 198.733
0.354 198.748
0.355 198.763
0.356 198.777
0.357 198.792
0.358 198.806
0.359 198.82
0.36 198.833
0.361 198.847
0.362 198.86
0.363 198.873
0.364 198.886
0.365 198.898
0.366 198.911
0.367 198.923
0.368 198.935
0.369 198.947
0.37 198.959
0.371 198.971
0.372 198.982
0.373 198.994
0.374 199.005
0.375 199.016
0.376 199.026
0.377 199.037
0.378 199.048
0.379 199.058
0.38 199.068
0.381 199.078
0.382 199.088
0.383 199.098
0.384 199.107
0.385 199.117
0.386 199.126
0.387 199.135
0.388 199.144
0.389 199.153
0.39 199.162
0.391 199.171
0.392 199.179
0.393 199.188
0.394 199.196
0.395 199.204
0.396 199.212
0.397 199.22
0.398 199.228
0.399 199.236
0.4 199.244
0.401 199.251
0.402 199.258
0.403 199.266
0.404 199.273
0.405 199.28
0.406 199.287
0.407 199.294
0.408 199.301
0.409 199.307
0.41 199.314
0.411 199.32
0.412 199.327
0.413 199.333
0.414 199.339
0.415 199.345
0.416 199.351
0.417 199.357
0.418 199.363
0.419 199.369
0.42 199.375
0.421 199.38
0.422 199.386
0.423 199.391
0.424 199.397
0.425 199.402
0.426 199.407
0.427 199.412
0.428 199.417
0.429 199.422
0.43 199.427
0.431 199.432
0.432 199.437
0.433 199.441
0.434 199.446
0.435 199.451
0.436 199.455
0.437 199.46
0.438 199.464
0.439 199.468
0.44 199.473
0.441 199.477
0.442 199.481
0.443 199.485
0.444 199.489
0.445 199.493
0.446 199.497
0.447 199.501
0.448 199.504
0.449 199.508
0.45 199.512
0.451 199.515
0.452 199.519
0.453 199.522
0.454 199.526
0.455 199.529
0.456 199.533
0.457 199.536
0.458 199.539
0.459 199.542
0.46 199.546
0.461 199.549
0.462 199.552
0.463 199.555
0.464 199.558
0.465 199.561
0.466 199.564
0.467 199.567
0.468 199.569
0.469 199.572
0.47 199.575
0.471 199.578
0.472 199.58
0.473 199.583
0.474 199.585
0.475 199.588
0.476 199.59
0.477 199.593
0.478 199.595
0.479 199.598
0.48 199.6
0.481 199.602
0.482 199.605
0.483 199.607
0.484 199.609
0.485 199.611
0.486 199.614
0.487 199.616
0.488 199.618
0.489 199.62
0.49 199.622
0.491 199.624
0.492 199.626
0.493 199.628
0.494 199.63
0.495 199.632
0.496 199.634
0.497 199.636
0.498 199.637
0.499 199.639
0.5 199.641
0.501 199.643
0.502 199.644
0.503 199.646
0.504 199.648
0.505 199.649
0.506 199.651
0.507 199.653
0.508 199.654
0.509 199.656
0.51 199.657
0.511 199.659
0.512 199.66
0.513 199.662
0.514 199.663
0.515 199.665
0.516 199.666
0.517 199.667
0.518 199.669
0.519 199.67
0.52 199.671
0.521 199.673
0.522 199.674
0.523 199.675
0.524 199.676
0.525 199.678
0.526 199.679
0.527 199.68
0.528 199.681
0.529 199.682
0.53 199.683
0.531 199.685
0.532 199.686
0.533 199.687
0.534 199.688
0.535 199.689
0.536 199.69
0.537 199.691
0.538 199.692
0.539 199.693
0.54 199.694
0.541 199.695
0.542 199.696
0.543 199.697
0.544 199.698
0.545 199.699
0.546 199.7
0.547 199.701
0.548 199.701
0.549 199.702
0.55 199.703
0.551 199.704
0.552 199.705
0.553 199.706
0.554 199.706
0.555 199.707
0.556 199.708
0.557 199.709
0.558 199.709
0.559 199.71
0.56 199.711
0.561 199.712
0.562 199.712
0.563 199.713
0.564 199.714
0.565 199.714
0.566 199.715
0.567 199.716
0.568 199.716
0.569 199.717
0.57 199.718
0.571 199.718
0.572 199.719
0.573 199.72
0.574 199.72
0.575 199.721
0.576 199.721
0.577 199.722
0.578 199.722
0.579 199.723
0.58 199.724
0.581 199.724
0.582 199.725
0.583 199.725
0.584 199.726
0.585 199.726
0.586 199.727
0.587 199.727
0.588 199.728
0.589 199.728
0.59 199.729
0.591 199.729
0.592 199.73
0.593 199.73
0.594 199.73
0.595 199.731
0.596 199.731
0.597 199.732
0.598 199.732
0.599 199.733
0.6 199.733
0.601 199.733
0.602 199.734
0.603 199.734
0.604 199.735
0.605 199.735
0.606 199.735
0.607 199.736
0.608 199.736
0.609 199.736
0.61 199.737
0.611 199.737
0.612 199.738
0.613 199.738
0.614 199.738
0.615 199.739
0.616 199.739
0.617 199.739
0.618 199.739
0.619 199.74
0.62 199.74
0.621 199.74
0.622 199.741
0.623 199.741
0.624 199.741
0.625 199.742
0.626 199.742
0.627 199.742
0.628 199.742
0.629 199.743
0.63 199.743
0.631 199.743
0.632 199.743
0.633 199.744
0.634 199.744
0.635 199.744
0.636 199.744
0.637 199.745
0.638 199.745
0.639 199.745
0.64 199.745
0.641 199.746
0.642 199.746
0.643 199.746
0.644 199.746
0.645 199.746
0.646 199.747
0.647 199.747
0.648 199.747
0.649 199.747
0.65 199.747
0.651 199.748
0.652 199.748
0.653 199.748
0.654 199.748
0.655 199.748
0.656 199.749
0.657 199.749
0.658 199.749
0.659 199.749
0.66 199.749
0.661 199.749
0.662 199.75
0.663 199.75
0.664 199.75
0.665 199.75
0.666 199.75
0.667 199.75
0.668 199.751
0.669 199.751
0.67 199.751
0.671 199.751
0.672 199.751
0.673 199.751
0.674 199.751
0.675 199.752
0.676 199.752
0.677 199.752
0.678 199.752
0.679 199.752
0.68 199.752
0.681 199.752
0.682 199.752
0.683 199.753
0.684 199.753
0.685 199.753
0.686 199.753
0.687 199.753
0.688 199.753
0.689 199.753
0.69 199.753
0.691 199.753
0.692 199.754
0.693 199.754
0.694 199.754
0.695 199.754
0.696 199.754
0.697 199.754
0.698 199.754
0.699 199.754
0.7 199.754
0.701 199.754
0.702 199.755
0.703 199.755
0.704 199.755
0.705 199.755
0.706 199.755
0.707 199.755
0.708 199.755
0.709 199.755
0.71 199.755
0.711 199.755
0.712 199.755
0.713 199.755
0.714 199.756
0.715 199.756
0.716 199.756
0.717 199.756
0.718 199.756
0.719 199.756
0.72 199.756
0.721 199.756
0.722 199.756
0.723 199.756
0.724 199.756
0.725 199.756
0.726 199.756
0.727 199.756
0.728 199.757
0.729 199.757
0.73 199.757
0.731 199.757
0.732 199.757
0.733 199.757
0.734 199.757
0.735 199.757
0.736 199.757
0.737 199.757
0.738 199.757
0.739 199.757
0.74 199.757
0.741 199.757
0.742 199.757
0.743 199.757
0.744 199.757
0.745 199.757
0.746 199.758
0.747 199.758
0.748 199.758
0.749 199.758
0.75 199.758
0.751 199.758
0.752 199.758
0.753 199.758
0.754 199.758
0.755 199.758
0.756 199.758
0.757 199.758
0.758 199.758
0.759 199.758
0.76 199.758
0.761 199.758
0.762 199.758
0.763 199.758
0.764 199.758
0.765 199.758
0.766 199.758
0.767 199.758
0.768 199.758
0.769 199.758
0.77 199.759
0.771 199.759
0.772 199.759
0.773 199.759
0.774 199.759
0.775 199.759
0.776 199.759
0.777 199.759
0.778 199.759
0.779 199.759
0.78 199.759
0.781 199.759
0.782 199.759
0.783 199.759
0.784 199.759
0.785 199.759
0.786 199.759
0.787 199.759
0.788 199.759
0.789 199.759
0.79 199.759
0.791 199.759
0.792 199.759
0.793 199.759
0.794 199.759
0.795 199.759
0.796 199.759
0.797 199.759
0.798 199.759
0.799 199.759
0.8 199.759
0.801 199.759
0.802 199.759
0.803 199.759
0.804 199.759
0.805 199.759
0.806 199.759
0.807 199.759
0.808 199.759
0.809 199.76
0.81 199.76
0.811 199.76
0.812 199.76
0.813 199.76
0.814 199.76
0.815 199.76
0.816 199.76
0.817 199.76
0.818 199.76
0.819 199.76
0.82 199.76
0.821 199.76
0.822 199.76
0.823 199.76
0.824 199.76
0.825 199.76
0.826 199.76
0.827 199.76
0.828 199.76
0.829 199.76
0.83 199.76
0.831 199.76
0.832 199.76
0.833 199.76
0.834 199.76
0.835 199.76
0.836 199.76
0.837 199.76
0.838 199.76
0.839 199.76
0.84 199.76
0.841 199.76
0.842 199.76
0.843 199.76
0.844 199.76
0.845 199.76
0.846 199.76
0.847 199.76
0.848 199.76
0.849 199.76
0.85 199.76
0.851 199.76
0.852 199.76
0.853 199.76
0.854 199.76
0.855 199.76
0.856 199.76
0.857 199.76
0.858 199.76
0.859 199.76
0.86 199.76
0.861 199.76
0.862 199.76
0.863 199.76
0.864 199.76
0.865 199.76
0.866 199.76
0.867 199.76
0.868 199.76
0.869 199.76
0.87 199.76
0.871 199.76
0.872 199.76
0.873 199.76
0.874 199.76
0.875 199.76
0.876 199.76
0.877 199.76
0.878 199.76
0.879 199.76
0.88 199.76
0.881 199.76
0.882 199.76
0.883 199.76
0.884 199.76
0.885 199.76
0.886 199.76
0.887 199.76
0.888 199.76
0.889 199.76
0.89 199.76
0.891 199.76
0.892 199.76
0.893 199.76
0.894 199.76
0.895 199.76
0.896 199.76
0.897 199.76
0.898 199.76
0.899 199.76
0.9 199.76
0.901 199.76
0.902 199.76
0.903 199.76
0.904 199.76
0.905 199.76
0.906 199.76
0.907 199.761
0.908 199.761
0.909 199.761
0.91 199.761
0.911 199.761
0.912 199.761
0.913 199.761
0.914 199.761
0.915 199.761
0.916 199.761
0.917 199.761
0.918 199.761
0.919 199.761
0.92 199.761
0.921 199.761
0.922 199.761
0.923 199.761
0.924 199.761
0.925 199.761
0.926 199.761
0.927 199.761
0.928 199.761
0.929 199.761
0.93 199.761
0.931 199.761
0.932 199.761
0.933 199.761
0.934 199.761
0.935 199.761
0.936 199.761
0.937 199.761
0.938 199.761
0.939 199.761
0.94 199.761
0.941 199.761
0.942 199.761
0.943 199.761
0.944 199.761
0.945 199.761
0.946 199.761
0.947 199.761
0.948 199.761
0.949 199.761
0.95 199.761
0.951 199.761
0.952 199.761
0.953 199.761
0.954 199.761
0.955 199.761
0.956 199.761
0.957 199.761
0.958 199.761
0.959 199.761
0.96 199.761
0.961 199.761
0.962 199.761
0.963 199.761
0.964 199.761
0.965 199.761
0.966 199.761
0.967 199.761
0.968 199.761
0.969 199.761
0.97 199.761
0.971 199.761
0.972 199.761
0.973 199.761
0.974 199.761
0.975 199.761
0.976 199.761
0.977 199.761
0.978 199.761
0.979 199.761
0.98 199.761
0.981 199.761
0.982 199.761
0.983 199.761
0.984 199.761
0.985 199.761
0.986 199.761
0.987 199.761
0.988 199.761
0.989 199.761
0.99 199.761
0.991 199.761
0.992 199.761
0.993 199.761
0.994 199.761
0.995 199.761
0.996 199.761
0.997 199.761
0.998 199.761
0.999 199.761
1 199.761
